   39
   47
   48
   49
   56
   57
   58
   59
   60
   61
   62
   63
   65
   66
   67
   68
   69
   70
   73
   75
   76
   78
   88
   89
   90
   93
   94
   95
   96
   97
   98
   99
  100
  101
  102
  104
  105
  106
  107
  108
  109
  110
  112
  113
  116
  117
  118
  119
  120
  121
  122
  123
  124
  125
  126
  128
  129
  130
  133
  134
  135
  136
  137
  138
  139
  140
  141
  142
  143
  144
  147
  155
  156
  160
  161
  162
  163
  170
  172
  173
  174
  177
  178
  181
  182
  183
  184
  185
  186
  187
  195
  196
  198
  200
  227
  228
  534
  535
  536
  537
  538
  539
  540
  541
  542
  543
  544
  545
  546
  547
  548
  549
  550
  551
  552
  553
  554
  555
  556
  557
  558
  559
  560
  561
  562
  563
  564
  565
  566
  567
  568
  569
  570
  571
  572
  573
  574
  575
  576
  577
  578
  579
  580
  581
  582
  583
  584
  585
  586
  587
  588
  589
  590
  591
  592
  593
  594
  595
  596
  597
  598
  599
  600
  601
  602
  603
  604
  605
  606
  607
  608
  609
  610
  611
  612
  613
  614
  615
  616
  617
  618
  619
  620
  621
  622
  623
  624
  625
  626
  627
  628
  629
  630
  631
  632
  633
  634
  635
  636
  637
  638
  639
  640
  641
  642
  643
  644
  645
  646
  647
  648
  649
  650
  651
  652
  653
  654
  655
  656
  657
  658
  659
  660
  661
  662
  663
  664
  665
  666
  667
  668
  669
  670
  671
  672
  673
  674
  675
  681
  682
  683
  684
  685
  686
  687
  688
  689
  690
  691
  692
  693
  694
  695
  696
  697
  699
  700
  701
  702
  703
  704
  705
  709
  710
  711
  712
  713
