  179   761.250   2.005E-05
  180   761.875   6.275E-05
  181   762.500   1.735E-04
  182   763.125   1.834E-04
  183   763.750   4.767E-05
  315   846.250   1.114E-05
  316   846.875   1.175E-05
  317   847.500   1.275E-05
  318   848.125   1.357E-05
  319   848.750   1.484E-05
  320   849.375   1.601E-05
  321   850.000   1.773E-05
  322   850.625   1.933E-05
  323   851.250   2.151E-05
  324   851.875   2.367E-05
  325   852.500   2.650E-05
  326   853.125   2.921E-05
  327   853.750   3.257E-05
  328   854.375   3.589E-05
  329   855.000   4.009E-05
  330   855.625   4.407E-05
  331   856.250   4.870E-05
  332   856.875   5.319E-05
  333   857.500   5.839E-05
  334   858.125   6.337E-05
  335   858.750   6.914E-05
  336   859.375   7.461E-05
  337   860.000   8.074E-05
  338   860.625   8.640E-05
  339   861.250   9.276E-05
  340   861.875   9.835E-05
  341   862.500   1.047E-04
  342   863.125   1.108E-04
  343   863.750   1.180E-04
  344   864.375   1.247E-04
  345   865.000   1.330E-04
  346   865.625   1.399E-04
  347   866.250   1.474E-04
  348   866.875   1.526E-04
  349   867.500   1.585E-04
  350   868.125   1.620E-04
  351   868.750   1.659E-04
  352   869.375   1.672E-04
  353   870.000   1.691E-04
  354   870.625   1.680E-04
  355   871.250   1.679E-04
  356   871.875   1.647E-04
  357   872.500   1.634E-04
  358   873.125   1.591E-04
  359   873.750   1.573E-04
  360   874.375   1.518E-04
  361   875.000   1.494E-04
  362   875.625   1.419E-04
  363   876.250   1.376E-04
  364   876.875   1.290E-04
  365   877.500   1.470E-04
  366   878.125   2.781E-04
  367   878.750   5.089E-04
  368   879.375   3.618E-04
  369   880.000   1.440E-04
  370   880.625   1.548E-04
  371   881.250   1.895E-04
  372   881.875   2.060E-04
  373   882.500   2.120E-04
  374   883.125   2.249E-04
  375   883.750   2.333E-04
  376   884.375   2.466E-04
  377   885.000   2.628E-04
  378   885.625   2.740E-04
  379   886.250   2.618E-04
  380   886.875   2.573E-04
  381   887.500   2.618E-04
  382   888.125   2.724E-04
  383   888.750   2.748E-04
  384   889.375   2.762E-04
  385   890.000   2.717E-04
  386   890.625   2.672E-04
  387   891.250   2.573E-04
  388   891.875   2.483E-04
  389   892.500   2.338E-04
  390   893.125   2.204E-04
  391   893.750   2.048E-04
  392   894.375   2.000E-04
  393   895.000   2.293E-04
  394   895.625   3.199E-04
  395   896.250   3.433E-04
  396   896.875   1.975E-04
  397   897.500   1.427E-04
  398   898.125   1.547E-04
  399   898.750   1.502E-04
  400   899.375   1.411E-04
  401   900.000   1.344E-04
  402   900.625   1.289E-04
  403   901.250   1.244E-04
  404   901.875   1.216E-04
  405   902.500   1.215E-04
  406   903.125   1.233E-04
  407   903.750   1.253E-04
  408   904.375   1.237E-04
  409   905.000   1.167E-04
  410   905.625   1.206E-04
  411   906.250   1.210E-04
  412   906.875   1.208E-04
  413   907.500   1.202E-04
  414   908.125   1.191E-04
  415   908.750   1.169E-04
  416   909.375   1.140E-04
  417   910.000   1.099E-04
  418   910.625   1.056E-04
  419   911.250   1.008E-04
  420   911.875   9.595E-05
  421   912.500   8.997E-05
  422   913.125   8.390E-05
  423   913.750   7.760E-05
  424   914.375   7.132E-05
  425   915.000   6.464E-05
  426   915.625   5.873E-05
  427   916.250   5.264E-05
  428   916.875   4.711E-05
  429   917.500   4.170E-05
  430   918.125   3.699E-05
  431   918.750   3.222E-05
  432   919.375   2.819E-05
  433   920.000   2.441E-05
  434   920.625   2.140E-05
  435   921.250   1.837E-05
  436   921.875   1.600E-05
  437   922.500   1.367E-05
  438   923.125   1.188E-05
  768  1277.500   3.015E-05
  769  1278.750   3.631E-05
  770  1280.000   4.393E-05
  771  1281.250   4.966E-05
  772  1282.500   5.858E-05
  773  1283.750   6.682E-05
  774  1285.000   7.849E-05
  775  1286.250   8.933E-05
  776  1287.500   1.007E-04
  777  1288.750   1.073E-04
  778  1290.000   1.223E-04
  779  1291.250   1.414E-04
  780  1292.500   1.575E-04
  781  1293.750   1.634E-04
  782  1295.000   1.733E-04
  783  1296.250   1.793E-04
  784  1297.500   1.852E-04
  785  1298.750   1.884E-04
  786  1300.000   1.988E-04
  787  1301.250   2.291E-04
  788  1302.500   4.390E-04
  789  1303.750   2.299E-04
  790  1305.000   4.846E-04
  791  1306.250   2.895E-04
  792  1307.500   3.305E-04
  793  1308.750   3.796E-04
  794  1310.000   4.379E-04
  795  1311.250   4.931E-04
  796  1312.500   5.536E-04
  797  1313.750   5.888E-04
  798  1315.000   6.126E-04
  799  1316.250   6.094E-04
  800  1317.500   5.968E-04
  801  1318.750   5.622E-04
  802  1320.000   5.175E-04
  803  1321.250   4.490E-04
  804  1322.500   3.838E-04
  805  1323.750   3.967E-04
  806  1325.000   6.180E-04
  807  1326.250   6.398E-04
  808  1327.500   3.360E-04
  809  1328.750   2.921E-04
  810  1330.000   3.068E-04
  811  1331.250   3.253E-04
  812  1332.500   3.495E-04
  813  1333.750   3.956E-04
  814  1335.000   4.175E-04
  815  1336.250   4.398E-04
  816  1337.500   4.327E-04
  817  1338.750   4.068E-04
  818  1340.000   3.648E-04
  819  1341.250   3.266E-04
  820  1342.500   2.960E-04
  821  1343.750   2.350E-04
  822  1345.000   1.617E-04
  823  1346.250   1.170E-04
  824  1347.500   8.233E-05
  825  1348.750   6.268E-05
  826  1350.000   4.661E-05
  827  1351.250   3.702E-05
  828  1352.500   2.622E-05
  829  1353.750   2.053E-05
  830  1355.000   1.356E-05
 1082  1670.000   1.293E-05
 1083  1671.250   1.609E-05
 1084  1672.500   2.036E-05
 1085  1673.750   2.538E-05
 1086  1675.000   3.185E-05
 1087  1676.250   3.964E-05
 1088  1677.500   4.959E-05
 1089  1678.750   6.147E-05
 1090  1680.000   7.588E-05
 1091  1681.250   9.229E-05
 1092  1682.500   1.122E-04
 1093  1683.750   1.351E-04
 1094  1685.000   1.618E-04
 1095  1686.250   1.912E-04
 1096  1687.500   2.245E-04
 1097  1688.750   2.598E-04
 1098  1690.000   2.973E-04
 1099  1691.250   3.345E-04
 1100  1692.500   3.765E-04
 1101  1693.750   4.236E-04
 1102  1695.000   4.756E-04
 1103  1696.250   5.181E-04
 1104  1697.500   5.530E-04
 1105  1698.750   5.755E-04
 1106  1700.000   5.874E-04
 1107  1701.250   5.857E-04
 1108  1702.500   5.823E-04
 1109  1703.750   5.823E-04
 1110  1705.000   6.003E-04
 1111  1706.250   6.072E-04
 1112  1707.500   5.100E-04
 1113  1708.750   3.081E-04
 1114  1710.000   4.396E-04
 1115  1711.250   7.556E-04
 1116  1712.500   6.910E-04
 1117  1713.750   5.867E-04
 1118  1715.000   5.922E-04
 1119  1716.250   6.310E-04
 1120  1717.500   6.694E-04
 1121  1718.750   7.004E-04
 1122  1720.000   7.065E-04
 1123  1721.250   6.900E-04
 1124  1722.500   6.463E-04
 1125  1723.750   5.840E-04
 1126  1725.000   5.107E-04
 1127  1726.250   4.489E-04
 1128  1727.500   3.908E-04
 1129  1728.750   3.326E-04
 1130  1730.000   2.751E-04
 1131  1731.250   2.218E-04
 1132  1732.500   1.736E-04
 1133  1733.750   1.347E-04
 1134  1735.000   1.032E-04
 1135  1736.250   7.879E-05
 1136  1737.500   5.860E-05
 1137  1738.750   4.424E-05
 1138  1740.000   3.357E-05
 1139  1741.250   2.619E-05
 1140  1742.500   1.996E-05
 1141  1743.750   1.575E-05
 1142  1745.000   1.192E-05
