   87
  103
  127
  145
  146
  149
  150
  151
  152
  153
  158
  159
  164
  165
  167
  168
  169
  171
  188
  189
  191
  192
  193
  194
  201
  202
  203
  204
  205
  207
  208
  209
  215
  216
  217
  230
  231
  232
  233
  234
  235
  236
  237
  238
  239
  240
  245
  246
  247
  248
  250
  251
  253
  254
  255
  258
  262
  263
  264
  265
  281
  282
  284
  285
  286
  291
  293
  298
  304
  305
  306
  319
  320
  321
  324
  325
  326
  327
  328
  329
  335
  345
  346
  347
  354
  355
  356
  366
  367
  371
  374
  375
  376
  379
  380
  381
  382
  383
  387
  410
  411
  412
  414
  415
  416
  423
  431
  435
  436
  437
  440
  441
  442
  477
  478
  479
  486
  487
  489
  490
  519
  522
  523
  679
  680
  706
  707
  708
  714
  715
  716
  717
  718
  720
  721
  722
  723
  724
  725
  726
  727
  728
  729
  730
  735
  736
  737
  738
  739
  740
  741
  744
  745
  746
  747
  748
  749
  751
  752
  753
  754
  755
  756
  757
  758
  759
  760
  761
  763
  764
  765
  769
  770
  771
  773
  774
  775
  776
  777
  778
  779
  780
  782
  783
  784
  785
  787
  789
  792
  793
  794
  795
  796
  797
  798
  799
  800
  801
  802
  803
  804
  805
  806
  807
  808
  809
  810
  811
  812
  813
  814
  816
  817
  818
  820
  821
  822
  823
  829
  830
  831
  832
  833
  834
  835
  836
  837
  838
  839
  840
  841
  842
  843
  844
  845
  846
  847
  848
  849
  850
  851
  852
  853
  854
  855
  856
  857
  858
  859
  860
  861
  862
  863
  864
  865
  866
  867
  868
  869
  870
  871
  872
  873
  874
  875
  876
  877
  878
  879
  880
  881
  882
  883
  884
  885
  886
  887
  888
  889
  891
  892
  893
  894
  895
  897
  898
  899
  900
  901
  902
  903
  904
  905
  906
  907
  908
  909
  910
  911
  913
  915
  916
  919
  920
  921
  922
  923
  925
  926
  927
  928
  929
  930
  931
  932
  933
  934
  935
  937
  940
  941
  947
  948
  949
  955
  957
  958
  969
  971
  972
  974
  975
  976
  977
  979
  980
  981
  982
  983
  984
  985
  986
  987
  988
  989
  990
  991
  996
  997
  999
 1000
 1001
 1003
 1004
 1005
 1008
 1009
 1010
 1011
 1012
 1013
 1014
 1016
 1017
 1018
 1019
 1020
 1021
 1022
 1023
 1024
 1025
 1026
 1027
 1028
 1029
 1030
 1031
 1032
 1033
 1034
 1035
 1036
 1037
 1038
 1039
 1041
 1042
 1043
 1044
 1045
 1046
 1047
 1048
 1049
 1050
 1051
 1052
 1053
 1054
 1055
 1056
 1057
 1058
 1059
 1060
 1061
 1063
 1066
 1071
 1072
 1073
 1074
 1075
 1077
 1078
 1079
 1080
 1081
 1083
 1084
 1085
 1087
 1088
 1089
 1090
 1091
 1093
 1095
 1096
 1097
 1098
 1099
 1100
 1101
 1102
 1103
 1104
 1105
 1106
 1107
 1108
 1109
 1111
 1112
 1113
 1114
 1115
 1116
 1117
 1118
 1120
 1122
 1123
 1124
 1125
 1126
 1127
 1128
 1129
 1130
 1131
 1132
 1133
 1134
 1135
 1136
 1137
 1138
 1139
 1140
 1141
 1142
 1143
 1144
 1145
 1146
