    1   650.000  -2.321E-01
    2   650.625  -2.114E-01
    3   651.250  -1.804E-01
    4   651.875  -2.110E-01
    5   652.500  -2.091E-01
    6   653.125  -2.145E-01
    7   653.750  -2.167E-01
    8   654.375  -1.976E-01
    9   655.000  -2.206E-01
   10   655.625  -2.052E-01
   11   656.250  -2.134E-01
   12   656.875  -2.192E-01
   13   657.500  -2.092E-01
   14   658.125  -2.240E-01
   15   658.750  -1.993E-01
   16   659.375  -2.154E-01
   17   660.000  -2.142E-01
   18   660.625  -2.037E-01
   19   661.250  -2.143E-01
   20   661.875  -1.869E-01
   21   662.500  -2.177E-01
   22   663.125  -2.541E-01
   23   663.750  -2.470E-01
   24   664.375  -2.566E-01
   25   665.000  -2.675E-01
   26   665.625  -2.553E-01
   27   666.250  -2.355E-01
   28   666.875  -2.114E-01
   29   667.500  -1.176E-01
   30   668.125  -1.127E-01
   31   668.750  -2.301E-01
   32   669.375  -2.843E-01
   33   670.000  -2.616E-01
   34   670.625  -2.344E-01
   35   671.250  -2.373E-01
   36   671.875  -2.146E-01
   37   672.500  -2.208E-01
   38   673.125  -2.222E-01
   39   673.750  -2.044E-01
   40   674.375  -2.303E-01
   41   675.000  -2.132E-01
   42   675.625  -2.201E-01
   43   676.250  -2.293E-01
   44   676.875  -2.063E-01
   45   677.500  -2.299E-01
   46   678.125  -2.134E-01
   47   678.750  -2.108E-01
   48   679.375  -2.202E-01
   49   680.000  -2.004E-01
   50   680.625  -2.263E-01
   51   681.250  -2.100E-01
   52   681.875  -2.058E-01
   53   682.500  -2.215E-01
   54   683.125  -1.875E-01
   55   683.750  -2.106E-01
   56   684.375  -1.973E-01
   57   685.000  -1.762E-01
   58   685.625  -1.986E-01
   59   686.250  -1.621E-01
   60   686.875  -1.771E-01
   61   687.500  -1.716E-01
   62   688.125  -1.422E-01
   63   688.750  -1.887E-01
   64   689.375  -1.618E-01
   65   690.000  -1.637E-01
   66   690.625  -1.596E-01
   67   691.250  -9.849E-02
   68   691.875  -1.430E-01
   69   692.500  -9.189E-02
   70   693.125  -7.953E-02
   71   693.750  -1.114E-01
   72   694.375  -2.088E-02
   73   695.000  -7.512E-02
   74   695.625  -3.932E-02
   75   696.250   1.564E-02
   76   696.875  -3.929E-02
   77   697.500   5.845E-02
   78   698.125   3.129E-02
   79   698.750   3.506E-02
   80   699.375   1.260E-01
   81   700.000   5.795E-02
   82   700.625   1.230E-01
   83   701.250   1.542E-01
   84   701.875   1.202E-01
   85   702.500   1.816E-01
   86   703.125   1.422E-01
   87   703.750   1.996E-01
   88   704.375   2.697E-01
   89   705.000   2.378E-01
   90   705.625   2.994E-01
   91   706.250   3.199E-01
   92   706.875   3.131E-01
   93   707.500   3.529E-01
   94   708.125   3.472E-01
   95   708.750   3.570E-01
   96   709.375   3.924E-01
   97   710.000   3.973E-01
   98   710.625   4.355E-01
   99   711.250   4.575E-01
  100   711.875   4.238E-01
  101   712.500   4.518E-01
  102   713.125   4.302E-01
  103   713.750   4.165E-01
  104   714.375   4.792E-01
  105   715.000   4.634E-01
  106   715.625   4.952E-01
  107   716.250   5.075E-01
  108   716.875   4.637E-01
  109   717.500   5.048E-01
  110   718.125   4.264E-01
  111   718.750   2.637E-01
  112   719.375   6.558E-02
  113   720.000  -1.445E-01
  114   720.625  -7.119E-02
  115   721.250   3.139E-01
  116   721.875   5.433E-01
  117   722.500   5.157E-01
  118   723.125   4.721E-01
  119   723.750   4.803E-01
  120   724.375   5.025E-01
  121   725.000   5.096E-01
  122   725.625   5.052E-01
  123   726.250   5.285E-01
  124   726.875   5.091E-01
  125   727.500   5.218E-01
  126   728.125   5.113E-01
  127   728.750   4.441E-01
  128   729.375   4.244E-01
  129   730.000   4.201E-01
  130   730.625   4.381E-01
  131   731.250   4.466E-01
  132   731.875   5.103E-01
  133   732.500   5.464E-01
  134   733.125   5.106E-01
  135   733.750   5.440E-01
  136   734.375   5.145E-01
  137   735.000   5.102E-01
  138   735.625   5.274E-01
  139   736.250   4.878E-01
  140   736.875   5.118E-01
  141   737.500   5.087E-01
  142   738.125   5.305E-01
  143   738.750   5.306E-01
  144   739.375   5.042E-01
  145   740.000   4.989E-01
  146   740.625   4.330E-01
  147   741.250   3.919E-01
  148   741.875   4.039E-01
  149   742.500   4.115E-01
  150   743.125   3.851E-01
  151   743.750   3.809E-01
  152   744.375   3.199E-01
  153   745.000   3.419E-01
  154   745.625   3.785E-01
  155   746.250   3.732E-01
  156   746.875   3.972E-01
  157   747.500   3.375E-01
  158   748.125   3.448E-01
  159   748.750   3.189E-01
  160   749.375   3.280E-01
  161   750.000   3.511E-01
  162   750.625   2.941E-01
  163   751.250   3.413E-01
  164   751.875   2.816E-01
  165   752.500   2.912E-01
  166   753.125   2.951E-01
  167   753.750   2.267E-01
  168   754.375   2.385E-01
  169   755.000   1.875E-01
  170   755.625   2.449E-01
  171   756.250   2.304E-01
  172   756.875   2.258E-01
  173   757.500   2.390E-01
  174   758.125   1.572E-01
  175   758.750   1.937E-01
  176   759.375   1.491E-01
  177   760.000   1.547E-01
  178   760.625   1.553E-01
  179   761.250   1.167E-01
  180   761.875   1.534E-01
  181   762.500   1.002E-01
  182   763.125   1.244E-01
  183   763.750   1.022E-01
  184   764.375   9.296E-02
  185   765.000   1.088E-01
  186   765.625   7.518E-02
  187   766.250   1.003E-01
  188   766.875   7.316E-02
  189   767.500   7.914E-02
  190   768.125   7.399E-02
  191   768.750   4.911E-02
  192   769.375   6.151E-02
  193   770.000   5.312E-02
  194   770.625   6.060E-02
  195   771.250   6.860E-02
  196   771.875   4.988E-02
  197   772.500   5.191E-02
  198   773.125   4.183E-02
  199   773.750   3.975E-02
  200   774.375   4.433E-02
  201   775.000   2.656E-02
  202   775.625   3.234E-02
  203   776.250   2.542E-02
  204   776.875   2.526E-02
  205   777.500   3.138E-02
  206   778.125   2.493E-02
  207   778.750   3.527E-02
  208   779.375   2.740E-02
  209   780.000   2.780E-02
  210   780.625   3.407E-02
  211   781.250   2.288E-02
  212   781.875   3.142E-02
  213   782.500   2.558E-02
  214   783.125   2.178E-02
  215   783.750   2.745E-02
  216   784.375   1.549E-02
  217   785.000   2.268E-02
  218   785.625   1.859E-02
  219   786.250   1.631E-02
  220   786.875   1.990E-02
  221   787.500   1.250E-02
  222   788.125   1.358E-02
  223   788.750   1.245E-02
  224   789.375   7.687E-03
  225   790.000   1.072E-02
  226   790.625   3.328E-02
  227   791.250   2.004E-01
  228   791.875   3.394E-01
  229   792.500   1.891E-01
  230   793.125   6.086E-02
  231   793.750   2.475E-02
  232   794.375   1.343E-02
  233   795.000   1.762E-02
  234   795.625   1.939E-02
  235   796.250   1.480E-02
  236   796.875   2.723E-02
  237   797.500   1.578E-02
  238   798.125   1.400E-02
  239   798.750   1.328E-02
  240   799.375   1.784E-02
  241   800.000   3.314E-02
  242   800.625   2.195E-02
  243   801.250   2.886E-02
  244   801.875   3.112E-02
  245   802.500   1.848E-02
  246   803.125   3.029E-02
  247   803.750   1.909E-02
  248   804.375   2.961E-02
  249   805.000   2.943E-02
  250   805.625   2.050E-02
  251   806.250   3.246E-02
  252   806.875   2.010E-02
  253   807.500   2.495E-02
  254   808.125   2.541E-02
  255   808.750   1.724E-02
  256   809.375   2.866E-02
  257   810.000   1.653E-02
  258   810.625   2.229E-02
  259   811.250   2.118E-02
  260   811.875   1.461E-02
  261   812.500   2.210E-02
  262   813.125   1.280E-02
  263   813.750   1.454E-02
  264   814.375   1.436E-02
  265   815.000   1.005E-02
  266   815.625   1.610E-02
  267   816.250   8.958E-03
  268   816.875   1.195E-02
  269   817.500   1.065E-02
  270   818.125   7.500E-03
  271   818.750   1.049E-02
  272   819.375   6.295E-03
  273   820.000   7.417E-03
  274   820.625   7.125E-03
  276   821.875   6.701E-03
  286   828.125   9.458E-03
  287   828.750   7.160E-03
  444   926.875   8.597E-03
  447   928.750   8.892E-03
  448   929.375   8.413E-03
  450   930.625   1.088E-02
  451   931.250   1.237E-02
  453   932.500   1.176E-02
  454   933.125   1.669E-02
  455   933.750   6.764E-03
  456   934.375   1.317E-02
  457   935.000   2.053E-02
  458   935.625   9.253E-03
  459   936.250   1.421E-02
  460   936.875   2.470E-02
  461   937.500   1.118E-02
  462   938.125   1.648E-02
  463   938.750   2.826E-02
  464   939.375   1.346E-02
  465   940.000   1.855E-02
  466   940.625   3.213E-02
  467   941.250   1.431E-02
  468   941.875   2.240E-02
  469   942.500   3.435E-02
  470   943.125   1.552E-02
  471   943.750   2.600E-02
  472   944.375   3.573E-02
  473   945.000   1.527E-02
  474   945.625   3.185E-02
  475   946.250   3.463E-02
  476   946.875   1.649E-02
  477   947.500   3.608E-02
  478   948.125   3.118E-02
  479   948.750   1.836E-02
  480   949.375   4.069E-02
  481   950.000   2.545E-02
  482   950.625   2.373E-02
  483   951.250   3.999E-02
  484   951.875   2.036E-02
  485   952.500   2.898E-02
  486   953.125   3.439E-02
  487   953.750   1.680E-02
  488   954.375   3.270E-02
  489   955.000   2.367E-02
  490   955.625   1.816E-02
  491   956.250   2.810E-02
  492   956.875   1.445E-02
  493   957.500   1.778E-02
  494   958.125   1.766E-02
  495   958.750   7.809E-03
  496   959.375   1.177E-02
  502   963.125   1.636E-02
  503   963.750   1.267E-02
  504   964.375   1.978E-02
  505   965.000   2.328E-02
  506   965.625   1.986E-02
  507   966.250   3.169E-02
  508   966.875   2.323E-02
  509   967.500   3.411E-02
  510   968.125   3.064E-02
  511   968.750   3.226E-02
  512   969.375   3.839E-02
  513   970.000   2.962E-02
  514   970.625   4.174E-02
  515   971.250   2.972E-02
  516   971.875   4.339E-02
  517   972.500   3.159E-02
  518   973.125   4.068E-02
  519   973.750   3.293E-02
  520   974.375   3.869E-02
  521   975.000   3.356E-02
  522   975.625   2.866E-02
  523   976.250   2.709E-02
  524   976.875   3.086E-02
  525   977.500   3.152E-02
  526   978.125   2.936E-02
  527   978.750   2.982E-02
  528   979.375   2.644E-02
  529   980.000   2.659E-02
  530   980.625   2.315E-02
  531   981.250   2.299E-02
  532   981.875   1.948E-02
  533   982.500   1.899E-02
  534   983.125   1.559E-02
  535   983.750   1.535E-02
  536   984.375   1.309E-02
  537   985.000   1.256E-02
  538   985.625   1.003E-02
  539   986.250   9.556E-03
  540   986.875   7.580E-03
  541   987.500   7.094E-03
  611  1031.250   4.729E-03
  614  1033.125   1.105E-02
  615  1033.750   1.228E-02
  617  1035.000   7.944E-03
  618  1035.625   1.192E-02
  620  1036.875   5.771E-03
  621  1037.500   9.340E-03
  624  1039.375   6.295E-03
  626  1040.625   6.743E-03
  627  1041.250   1.472E-02
  628  1041.875   7.632E-03
  629  1042.500   1.759E-02
  630  1043.125   3.935E-02
  631  1043.750   2.064E-02
  632  1044.375   1.815E-02
  633  1045.000   3.916E-02
  634  1045.625   2.047E-02
  635  1046.250   1.209E-02
  636  1046.875   2.460E-02
  637  1047.500   1.303E-02
  638  1048.125   1.535E-02
  639  1048.750   2.225E-02
  640  1049.375   9.271E-03
  641  1050.000   1.274E-02
  642  1050.625   1.828E-02
  643  1051.250   6.670E-03
  644  1051.875   9.944E-03
  645  1052.500   1.008E-02
  646  1053.125   7.809E-03
  647  1053.750   1.477E-02
  648  1054.375   1.101E-02
  649  1055.000   1.761E-02
  650  1055.625   3.633E-02
  651  1056.250   1.589E-02
  652  1056.875   7.330E-03
  653  1057.500   8.469E-03
  654  1058.125   8.396E-03
  655  1058.750   1.713E-02
  656  1059.375   1.489E-02
  657  1060.000   1.049E-02
  658  1060.625   1.818E-02
  659  1061.250   8.979E-03
  660  1061.875   1.114E-02
  661  1062.500   8.726E-03
  664  1064.375   9.431E-03
  665  1065.000   7.573E-03
  666  1065.625   1.277E-02
  667  1066.250   1.433E-02
  668  1066.875   1.851E-02
  669  1067.500   3.206E-02
  670  1068.125   2.560E-02
  671  1068.750   3.901E-02
  672  1069.375   3.862E-02
  673  1070.000   3.882E-02
  674  1070.625   5.245E-02
  675  1071.250   3.952E-02
  676  1071.875   6.014E-02
  677  1072.500   4.207E-02
  678  1073.125   5.918E-02
  679  1073.750   4.661E-02
  680  1074.375   5.332E-02
  681  1075.000   5.033E-02
  682  1075.625   5.449E-02
  683  1076.250   5.629E-02
  684  1076.875   5.405E-02
  685  1077.500   5.936E-02
  686  1078.125   5.182E-02
  687  1078.750   5.681E-02
  688  1079.375   4.959E-02
  689  1080.000   5.428E-02
  690  1080.625   4.530E-02
  691  1081.250   4.739E-02
  692  1081.875   4.341E-02
  693  1082.500   4.659E-02
  694  1083.125   4.034E-02
  695  1083.750   4.135E-02
  696  1084.375   3.562E-02
  697  1085.000   3.597E-02
  698  1085.625   3.036E-02
  699  1086.250   3.058E-02
  700  1086.875   2.593E-02
  701  1087.500   2.455E-02
  702  1088.125   1.919E-02
  703  1088.750   1.988E-02
  704  1089.375   1.594E-02
  705  1090.000   1.510E-02
  706  1090.625   1.032E-02
  707  1091.250   9.583E-03
  708  1091.875   7.993E-03
  709  1092.500   8.521E-03
  710  1093.125   5.955E-03
  711  1093.750   6.049E-03
 1170  2212.500   9.410E-03
 1171  2215.000   1.608E-02
 1172  2217.500   2.399E-02
 1173  2220.000   4.824E-02
 1174  2222.500   8.030E-02
 1175  2225.000   8.692E-02
 1176  2227.500   8.559E-02
 1177  2230.000   9.107E-02
 1178  2232.500   8.727E-02
 1179  2235.000   9.219E-02
 1180  2237.500   1.202E-01
 1181  2240.000   1.588E-01
 1182  2242.500   2.027E-01
 1183  2245.000   2.627E-01
 1184  2247.500   3.114E-01
 1185  2250.000   3.300E-01
 1186  2252.500   3.182E-01
 1187  2255.000   2.886E-01
 1188  2257.500   2.520E-01
 1189  2260.000   1.880E-01
 1190  2262.500   1.323E-01
 1191  2265.000   7.976E-02
 1192  2267.500   1.915E-02
 1193  2270.000  -3.708E-02
 1194  2272.500  -6.438E-02
 1195  2275.000  -7.338E-02
 1196  2277.500  -7.764E-02
 1197  2280.000  -3.726E-02
 1198  2282.500   3.466E-02
 1199  2285.000  -1.001E-02
 1200  2287.500  -1.159E-01
 1201  2290.000  -1.541E-01
 1202  2292.500  -1.792E-01
 1203  2295.000  -1.913E-01
 1204  2297.500  -1.955E-01
 1205  2300.000  -2.010E-01
 1206  2302.500  -2.062E-01
 1207  2305.000  -2.046E-01
 1208  2307.500  -2.161E-01
 1209  2310.000  -2.213E-01
 1210  2312.500  -2.258E-01
 1211  2315.000  -2.259E-01
 1212  2317.500  -2.355E-01
 1213  2320.000  -2.440E-01
 1214  2322.500  -2.519E-01
 1215  2325.000  -2.496E-01
 1216  2327.500  -2.456E-01
 1217  2330.000  -2.391E-01
 1218  2332.500  -2.338E-01
 1219  2335.000  -2.156E-01
 1220  2337.500  -2.150E-01
 1221  2340.000  -2.249E-01
 1222  2342.500  -2.280E-01
 1223  2345.000  -2.281E-01
 1224  2347.500  -2.258E-01
 1225  2350.000  -2.256E-01
 1226  2352.500  -2.298E-01
 1227  2355.000  -2.310E-01
 1228  2357.500  -2.347E-01
 1229  2360.000  -2.384E-01
 1230  2362.500  -2.419E-01
 1231  2365.000  -2.445E-01
 1232  2367.500  -2.494E-01
 1233  2370.000  -2.544E-01
 1234  2372.500  -2.618E-01
 1235  2375.000  -2.591E-01
 1236  2377.500  -2.406E-01
 1237  2380.000  -1.744E-01
 1238  2382.500   1.222E-02
 1239  2385.000   3.001E-01
 1240  2387.500   4.753E-01
 1241  2390.000   4.894E-01
 1242  2392.500   4.285E-01
 1243  2395.000   3.554E-01
 1244  2397.500   2.940E-01
 1245  2400.000   2.429E-01
 1246  2402.500   2.065E-01
 1247  2405.000   1.840E-01
 1248  2407.500   1.661E-01
 1249  2410.000   1.484E-01
 1250  2412.500   1.325E-01
 1251  2415.000   1.189E-01
 1252  2417.500   1.063E-01
 1253  2420.000   9.419E-02
 1254  2422.500   8.285E-02
 1255  2425.000   7.184E-02
 1256  2427.500   6.040E-02
 1257  2430.000   5.014E-02
 1258  2432.500   4.280E-02
 1259  2435.000   3.741E-02
 1260  2437.500   3.326E-02
 1261  2440.000   3.032E-02
 1262  2442.500   2.763E-02
 1263  2445.000   2.493E-02
 1264  2447.500   2.224E-02
 1265  2450.000   1.986E-02
 1266  2452.500   1.753E-02
 1267  2455.000   1.560E-02
 1268  2457.500   1.391E-02
 1269  2460.000   1.255E-02
 1270  2462.500   1.135E-02
 1271  2465.000   1.036E-02
 1272  2467.500   9.493E-03
 1273  2470.000   8.885E-03
 1274  2472.500   8.351E-03
