  729  1228.750   6.499E-05
  730  1230.000   9.639E-05
  731  1231.250   1.040E-04
  732  1232.500   1.205E-04
  733  1233.750   1.507E-04
  734  1235.000   1.737E-04
  735  1236.250   2.378E-04
  736  1237.500   2.864E-04
  737  1238.750   2.973E-04
  738  1240.000   3.378E-04
  739  1241.250   3.704E-04
  740  1242.500   4.894E-04
  741  1243.750   6.652E-04
  742  1245.000   7.350E-04
  743  1246.250   7.713E-04
  744  1247.500   8.112E-04
  745  1248.750   9.386E-04
  746  1250.000   1.121E-03
  747  1251.250   1.311E-03
  748  1252.500   1.306E-03
  749  1253.750   1.530E-03
  750  1255.000   1.919E-03
  751  1256.250   1.856E-03
  752  1257.500   1.908E-03
  753  1258.750   2.081E-03
  754  1260.000   2.528E-03
  755  1261.250   2.768E-03
  756  1262.500   3.184E-03
  757  1263.750   3.495E-03
  758  1265.000   3.423E-03
  759  1266.250   3.510E-03
  760  1267.500   3.759E-03
  761  1268.750   4.515E-03
  762  1270.000   4.771E-03
  763  1271.250   5.294E-03
  764  1272.500   5.259E-03
  765  1273.750   5.371E-03
  766  1275.000   5.598E-03
  767  1276.250   5.741E-03
  768  1277.500   5.367E-03
  769  1278.750   4.920E-03
  770  1280.000   4.501E-03
  771  1281.250   3.976E-03
  772  1282.500   3.131E-03
  773  1283.750   1.595E-03
  774  1285.000   1.439E-03
  775  1286.250   1.711E-03
  776  1287.500   2.327E-03
  777  1288.750   3.644E-03
  778  1290.000   4.205E-03
  779  1291.250   4.799E-03
  780  1292.500   5.443E-03
  781  1293.750   6.163E-03
  782  1295.000   5.787E-03
  783  1296.250   6.095E-03
  784  1297.500   6.310E-03
  785  1298.750   6.524E-03
  786  1300.000   6.155E-03
  787  1301.250   7.685E-03
  788  1302.500   6.414E-03
  789  1303.750   5.778E-03
  790  1305.000   5.143E-03
  791  1306.250   3.872E-03
  792  1307.500   3.418E-03
  793  1308.750   3.262E-03
  794  1310.000   3.116E-03
  795  1311.250   3.053E-03
  796  1312.500   3.115E-03
  797  1313.750   3.045E-03
  798  1315.000   2.759E-03
  799  1316.250   2.397E-03
  800  1317.500   1.935E-03
  801  1318.750   1.620E-03
  802  1320.000   1.332E-03
  803  1321.250   1.131E-03
  804  1322.500   8.186E-04
  805  1323.750   6.312E-04
  806  1325.000   5.041E-04
  807  1326.250   4.186E-04
  808  1327.500   2.670E-04
  809  1328.750   1.936E-04
  810  1330.000   1.506E-04
  811  1331.250   1.318E-04
 1147  2155.000   4.612E-04
 1148  2157.500   6.280E-04
 1149  2160.000   8.445E-04
 1150  2162.500   1.103E-03
 1151  2165.000   1.425E-03
 1152  2167.500   1.874E-03
 1153  2170.000   2.408E-03
 1154  2172.500   2.915E-03
 1155  2175.000   3.368E-03
 1156  2177.500   3.465E-03
 1157  2180.000   3.755E-03
 1158  2182.500   4.962E-03
 1159  2185.000   6.730E-03
 1160  2187.500   7.383E-03
 1161  2190.000   6.871E-03
 1162  2192.500   7.043E-03
 1163  2195.000   8.991E-03
 1164  2197.500   1.269E-02
 1165  2200.000   1.177E-02
 1166  2202.500   1.389E-02
 1167  2205.000   1.616E-02
 1168  2207.500   2.188E-02
 1169  2210.000   1.966E-02
 1170  2212.500   2.324E-02
 1171  2215.000   2.164E-02
 1172  2217.500   2.402E-02
 1173  2220.000   1.203E-02
 1174  2222.500   8.547E-03
 1175  2225.000   8.394E-03
 1176  2227.500   1.176E-02
 1177  2230.000   2.075E-02
 1178  2232.500   4.448E-02
 1179  2235.000   2.750E-02
 1180  2237.500   4.148E-02
 1181  2240.000   2.333E-02
 1182  2242.500   3.573E-02
 1183  2245.000   1.765E-02
 1184  2247.500   2.299E-02
 1185  2250.000   7.693E-03
 1186  2252.500   1.075E-02
 1256  2427.500   8.255E-05
 1257  2430.000   1.082E-04
 1258  2432.500   1.402E-04
 1259  2435.000   1.734E-04
 1260  2437.500   2.104E-04
 1261  2440.000   2.459E-04
 1262  2442.500   2.773E-04
 1263  2445.000   2.970E-04
 1264  2447.500   3.245E-04
 1265  2450.000   3.335E-04
 1266  2452.500   3.172E-04
 1267  2455.000   2.705E-04
 1268  2457.500   1.976E-04
 1269  2460.000   1.157E-04
 1270  2462.500   9.762E-05
 1271  2465.000   1.755E-04
 1272  2467.500   2.735E-04
 1273  2470.000   3.425E-04
 1274  2472.500   3.765E-04
 1275  2475.000   3.777E-04
 1276  2477.500   3.528E-04
 1277  2480.000   3.117E-04
 1278  2482.500   2.746E-04
 1279  2485.000   2.291E-04
 1280  2487.500   1.836E-04
 1281  2490.000   1.400E-04
 1282  2492.500   1.024E-04
 1283  2495.000   7.224E-05
 1284  2497.500   5.161E-05
 1285  2500.000   3.770E-05
 1286  2502.500   2.978E-05
 1287  2505.000   2.681E-05
 1288  2507.500   2.808E-05
 1289  2510.000   3.359E-05
 1290  2512.500   4.322E-05
 1291  2515.000   5.748E-05
 1292  2517.500   7.856E-05
 1293  2520.000   1.065E-04
 1294  2522.500   1.430E-04
 1295  2525.000   1.887E-04
 1296  2527.500   2.435E-04
 1297  2530.000   3.057E-04
 1298  2532.500   3.752E-04
 1299  2535.000   4.485E-04
 1300  2537.500   5.269E-04
 1301  2540.000   6.151E-04
 1302  2542.500   7.187E-04
 1303  2545.000   8.296E-04
 1304  2547.500   9.297E-04
 1305  2550.000   1.007E-03
