  634  1045.625   1.394E-05
  635  1046.250   1.599E-05
  636  1046.875   1.738E-05
  637  1047.500   2.061E-05
  638  1048.125   2.286E-05
  639  1048.750   2.685E-05
  640  1049.375   2.831E-05
  641  1050.000   2.966E-05
  642  1050.625   3.127E-05
  643  1051.250   3.570E-05
  644  1051.875   3.932E-05
  645  1052.500   4.483E-05
  646  1053.125   4.668E-05
  647  1053.750   4.967E-05
  648  1054.375   5.224E-05
  649  1055.000   5.480E-05
  650  1055.625   5.708E-05
  651  1056.250   6.269E-05
  652  1056.875   6.483E-05
  653  1057.500   6.987E-05
  654  1058.125   7.386E-05
  655  1058.750   8.295E-05
  656  1059.375   8.994E-05
  657  1060.000   9.613E-05
  658  1060.625   9.688E-05
  659  1061.250   1.021E-04
  660  1061.875   1.111E-04
  661  1062.500   1.233E-04
  662  1063.125   1.352E-04
  663  1063.750   1.427E-04
  664  1064.375   1.425E-04
  665  1065.000   1.502E-04
  666  1065.625   1.606E-04
  667  1066.250   1.741E-04
  668  1066.875   1.885E-04
  669  1067.500   1.945E-04
  670  1068.125   1.962E-04
  671  1068.750   2.069E-04
  672  1069.375   2.248E-04
  673  1070.000   2.460E-04
  674  1070.625   2.666E-04
  675  1071.250   2.777E-04
  676  1071.875   2.773E-04
  677  1072.500   2.928E-04
  678  1073.125   3.187E-04
  679  1073.750   3.574E-04
  680  1074.375   3.860E-04
  681  1075.000   3.896E-04
  682  1075.625   3.843E-04
  683  1076.250   4.161E-04
  684  1076.875   4.492E-04
  685  1077.500   4.900E-04
  686  1078.125   5.173E-04
  687  1078.750   5.223E-04
  688  1079.375   5.223E-04
  689  1080.000   5.250E-04
  690  1080.625   5.354E-04
  691  1081.250   5.716E-04
  692  1081.875   6.021E-04
  693  1082.500   6.108E-04
  694  1083.125   6.243E-04
  695  1083.750   6.757E-04
  696  1084.375   7.103E-04
  697  1085.000   7.522E-04
  698  1085.625   8.110E-04
  699  1086.250   8.474E-04
  700  1086.875   8.381E-04
  701  1087.500   8.642E-04
  702  1088.125   9.175E-04
  703  1088.750   1.004E-03
  704  1089.375   1.096E-03
  705  1090.000   1.121E-03
  706  1090.625   1.057E-03
  707  1091.250   1.090E-03
  708  1091.875   1.190E-03
  709  1092.500   1.330E-03
  710  1093.125   1.431E-03
  711  1093.750   1.406E-03
  712  1094.375   1.316E-03
  713  1095.000   1.385E-03
  714  1210.000   1.855E-03
  715  1211.250   1.752E-03
  716  1212.500   1.533E-03
  717  1213.750   1.501E-03
  718  1215.000   1.355E-03
  719  1216.250   1.266E-03
  720  1217.500   1.101E-03
  721  1218.750   1.110E-03
  722  1220.000   8.911E-04
  723  1221.250   9.199E-04
  724  1222.500   7.751E-04
  725  1223.750   7.400E-04
  726  1225.000   6.092E-04
  727  1226.250   6.281E-04
  728  1227.500   4.803E-04
  729  1228.750   5.217E-04
  730  1230.000   4.113E-04
  731  1231.250   4.579E-04
  732  1232.500   3.494E-04
  733  1233.750   3.971E-04
  734  1235.000   2.676E-04
  735  1236.250   3.576E-04
  736  1237.500   2.005E-04
  737  1238.750   2.729E-04
  738  1240.000   1.531E-04
  739  1241.250   2.489E-04
  797  1313.750   1.010E-03
  798  1315.000   1.158E-03
  799  1316.250   2.066E-03
  800  1317.500   2.696E-03
  801  1318.750   3.836E-03
  802  1320.000   4.696E-03
  803  1321.250   6.203E-03
  804  1322.500   8.118E-03
  805  1323.750   1.027E-02
  806  1325.000   1.210E-02
  807  1326.250   1.433E-02
  808  1327.500   1.839E-02
  809  1328.750   2.337E-02
  810  1330.000   2.642E-02
  811  1331.250   2.959E-02
  812  1332.500   3.799E-02
  813  1333.750   4.751E-02
  814  1335.000   5.160E-02
  815  1336.250   5.717E-02
  816  1337.500   6.861E-02
  817  1338.750   7.794E-02
  818  1340.000   8.444E-02
  819  1341.250   9.155E-02
  820  1342.500   1.057E-01
  821  1343.750   1.142E-01
  822  1345.000   1.200E-01
  823  1346.250   1.224E-01
  824  1347.500   1.321E-01
  825  1348.750   1.376E-01
  826  1350.000   1.366E-01
  827  1351.250   1.329E-01
  828  1352.500   1.309E-01
  829  1353.750   1.182E-01
  830  1355.000   1.072E-01
  831  1356.250   1.051E-01
  832  1357.500   1.160E-01
  833  1358.750   1.439E-01
  834  1360.000   1.881E-01
  835  1361.250   1.643E-01
  836  1362.500   7.168E-02
  837  1363.750   2.600E-02
  838  1365.000   4.042E-02
  839  1366.250   7.414E-02
  840  1367.500   1.049E-01
  841  1368.750   1.420E-01
  842  1370.000   1.715E-01
  843  1371.250   1.832E-01
  844  1372.500   1.907E-01
  845  1373.750   1.928E-01
  846  1375.000   1.890E-01
  847  1376.250   1.813E-01
  848  1377.500   1.684E-01
  849  1378.750   1.485E-01
  850  1380.000   1.208E-01
  851  1381.250   1.075E-01
  852  1382.500   9.419E-02
  853  1383.750   7.998E-02
  854  1385.000   6.720E-02
  855  1386.250   5.458E-02
  856  1387.500   4.396E-02
  857  1388.750   3.386E-02
  858  1390.000   2.612E-02
  859  1391.250   1.910E-02
  860  1392.500   1.423E-02
  861  1393.750   9.657E-03
  862  1395.000   6.830E-03
  863  1396.250   3.703E-03
  864  1397.500   2.032E-03
 1267  2455.000   1.348E-04
 1268  2457.500   2.167E-04
 1269  2460.000   2.871E-04
 1270  2462.500   4.174E-04
 1271  2465.000   5.569E-04
 1272  2467.500   7.651E-04
 1273  2470.000   9.580E-04
 1274  2472.500   1.185E-03
 1275  2475.000   1.422E-03
 1276  2477.500   1.654E-03
 1277  2480.000   1.911E-03
 1278  2482.500   2.309E-03
 1279  2485.000   2.456E-03
 1280  2487.500   2.496E-03
 1281  2490.000   2.371E-03
 1282  2492.500   2.163E-03
 1283  2495.000   2.383E-03
 1284  2497.500   2.767E-03
 1285  2500.000   1.878E-03
 1286  2502.500   1.140E-03
 1287  2505.000   2.006E-03
 1288  2507.500   3.048E-03
 1289  2510.000   3.528E-03
 1290  2512.500   3.358E-03
 1291  2515.000   2.841E-03
 1292  2517.500   2.263E-03
 1293  2520.000   1.592E-03
 1294  2522.500   9.587E-04
 1295  2525.000   4.946E-04
 1296  2527.500   1.928E-04
