! Created using laymakeprof.f on klayers mypref.op; except thickness from klayers_ftc
! lat= 45.540, lon=  0.000, 1100mb alt(m)=-6.89000E+02 m
! input=../Data/Pin/mypref (July 2000 version) with CO2=385 ppmv
! Input altitudes: calculated
! Input mixing ratios treated as relative to: wet air (ie not adjusted for water displacement)
! H2O saturation: checked & corrected if needed
! no altitude(m)  thickness(m) pressure(atm) temp(K) fixed=CO2     H2O        O3         CO         CH4        SO2       HNO3        N2O
! -- ------------ ------------ ------------  ------- ---------- ---------- ---------- ---------- ---------- ---------- ---------- ----------
truth (except dZ) reference profile
   1 -5.74000E+02  2.29637E+02  1.07120E+00  291.953 3.9531E-07 8.9448E-06 2.5706E-11 1.5698E-10 1.8482E-09 3.2345E-13 4.5648E-14 3.2857E-10
   2 -3.44000E+02  2.31502E+02  1.04270E+00  290.487 3.8988E-07 8.4395E-06 2.5971E-11 1.5368E-10 1.8228E-09 3.1306E-13 4.7213E-14 3.2405E-10
   3 -1.11000E+02  2.33377E+02  1.01460E+00  289.002 3.8440E-07 7.9391E-06 2.6225E-11 1.5038E-10 1.7972E-09 3.0274E-13 4.8740E-14 3.1950E-10
   4  1.23000E+02  2.35262E+02  9.86870E-01  287.497 3.7889E-07 7.4439E-06 2.6467E-11 1.4709E-10 1.7714E-09 2.9247E-13 5.0229E-14 3.1492E-10
   5  3.59000E+02  2.37157E+02  9.59550E-01  285.971 3.7335E-07 6.9541E-06 2.6696E-11 1.4380E-10 1.7455E-09 2.8228E-13 5.1679E-14 3.1032E-10
   6  5.97000E+02  2.39060E+02  9.32640E-01  284.425 3.6778E-07 6.4700E-06 2.6914E-11 1.4052E-10 1.7195E-09 2.7216E-13 5.3089E-14 3.0569E-10
   7  8.37000E+02  2.40975E+02  9.06120E-01  282.858 3.6219E-07 5.9918E-06 2.7119E-11 1.3725E-10 1.6933E-09 2.6212E-13 5.4459E-14 3.0104E-10
   8  1.07900E+03  2.42911E+02  8.80020E-01  281.282 3.5656E-07 5.5382E-06 2.7330E-11 1.3399E-10 1.6670E-09 2.5142E-13 5.5777E-14 2.9636E-10
   9  1.32300E+03  2.44883E+02  8.54320E-01  279.711 3.5093E-07 5.1320E-06 2.7569E-11 1.3074E-10 1.6407E-09 2.3915E-13 5.7030E-14 2.9168E-10
  10  1.56900E+03  2.46870E+02  8.29030E-01  278.119 3.4526E-07 4.7330E-06 2.7796E-11 1.2751E-10 1.6142E-09 2.2695E-13 5.8240E-14 2.8697E-10
  11  1.81700E+03  2.48867E+02  8.04150E-01  276.506 3.3958E-07 4.3398E-06 2.8009E-11 1.2430E-10 1.5876E-09 2.1489E-13 5.9406E-14 2.8225E-10
  12  2.06700E+03  2.50882E+02  7.79690E-01  274.878 3.3388E-07 3.9538E-06 2.8085E-11 1.2111E-10 1.5610E-09 2.0261E-13 6.0520E-14 2.7751E-10
  13  2.31900E+03  2.52931E+02  7.55630E-01  273.254 3.2816E-07 3.5776E-06 2.7798E-11 1.1797E-10 1.5343E-09 1.8942E-13 6.1570E-14 2.7276E-10
  14  2.57300E+03  2.54998E+02  7.31990E-01  271.609 3.2244E-07 3.2080E-06 2.7484E-11 1.1485E-10 1.5075E-09 1.7636E-13 6.2573E-14 2.6800E-10
  15  2.82900E+03  2.57072E+02  7.08770E-01  269.940 3.1669E-07 2.8448E-06 2.7166E-11 1.1175E-10 1.4806E-09 1.6351E-13 6.3528E-14 2.6322E-10
  16  3.08700E+03  2.59172E+02  6.85960E-01  268.258 3.1094E-07 2.5163E-06 2.6835E-11 1.0876E-10 1.4538E-09 1.5105E-13 6.4410E-14 2.5845E-10
  17  3.34700E+03  2.61319E+02  6.63570E-01  266.580 3.0520E-07 2.2576E-06 2.6481E-11 1.0598E-10 1.4269E-09 1.3924E-13 6.5186E-14 2.5367E-10
  18  3.61000E+03  2.63483E+02  6.41600E-01  264.877 2.9945E-07 2.0065E-06 2.6122E-11 1.0323E-10 1.4000E-09 1.2765E-13 6.5913E-14 2.4889E-10
  19  3.87400E+03  2.65653E+02  6.20050E-01  263.150 2.9369E-07 1.7603E-06 2.5760E-11 1.0049E-10 1.3731E-09 1.1628E-13 6.6592E-14 2.4410E-10
  20  4.14100E+03  2.67865E+02  5.98910E-01  261.416 2.8793E-07 1.5454E-06 2.5676E-11 9.8041E-11 1.3462E-09 1.0667E-13 6.7130E-14 2.3932E-10
  21  4.41000E+03  2.70115E+02  5.78190E-01  259.679 2.8218E-07 1.3653E-06 2.5908E-11 9.5906E-11 1.3193E-09 9.9048E-14 6.7514E-14 2.3454E-10
  22  4.68100E+03  2.72379E+02  5.57890E-01  257.915 2.7643E-07 1.1893E-06 2.6122E-11 9.3777E-11 1.2924E-09 9.1576E-14 6.7853E-14 2.2976E-10
  23  4.95500E+03  2.74657E+02  5.38010E-01  256.126 2.7069E-07 1.0193E-06 2.6314E-11 9.1650E-11 1.2656E-09 8.4304E-14 6.8178E-14 2.2499E-10
  24  5.23100E+03  2.76991E+02  5.18550E-01  254.341 2.6496E-07 8.9356E-07 2.6427E-11 8.9458E-11 1.2388E-09 7.8201E-14 6.9043E-14 2.2023E-10
  25  5.50900E+03  2.79354E+02  4.99500E-01  252.540 2.5924E-07 7.8629E-07 2.6498E-11 8.7246E-11 1.2120E-09 7.2614E-14 7.0071E-14 2.1547E-10
  26  5.78900E+03  2.81732E+02  4.80860E-01  250.711 2.5353E-07 6.8159E-07 2.6552E-11 8.5047E-11 1.1853E-09 6.7142E-14 7.1029E-14 2.1073E-10
  27  6.07200E+03  2.84139E+02  4.62650E-01  248.864 2.4784E-07 5.8503E-07 2.6820E-11 8.2752E-11 1.1586E-09 6.2099E-14 7.1967E-14 2.0599E-10
  28  6.35800E+03  2.86600E+02  4.44840E-01  247.021 2.4216E-07 5.0754E-07 2.7755E-11 8.0148E-11 1.1317E-09 5.8101E-14 7.2979E-14 2.0127E-10
  29  6.64500E+03  2.89081E+02  4.27450E-01  245.151 2.3650E-07 4.3320E-07 2.8692E-11 7.7549E-11 1.1049E-09 5.4250E-14 7.3925E-14 1.9657E-10
  30  6.93600E+03  2.91581E+02  4.10480E-01  243.251 2.3086E-07 3.6154E-07 2.9582E-11 7.4973E-11 1.0782E-09 5.0498E-14 7.4782E-14 1.9188E-10
  31  7.22900E+03  2.94139E+02  3.93910E-01  241.355 2.2524E-07 3.0978E-07 3.0463E-11 7.2202E-11 1.0516E-09 4.7237E-14 7.5287E-14 1.8721E-10
  32  7.52400E+03  2.96741E+02  3.77750E-01  239.444 2.1965E-07 2.6766E-07 3.1311E-11 6.9370E-11 1.0252E-09 4.4237E-14 7.5599E-14 1.8256E-10
  33  7.82200E+03  2.99358E+02  3.61990E-01  237.501 2.1408E-07 2.2676E-07 3.2108E-11 6.6582E-11 9.9888E-10 4.1304E-14 7.5843E-14 1.7793E-10
  34  8.12300E+03  3.02016E+02  3.46640E-01  235.543 2.0854E-07 1.8721E-07 3.4121E-11 6.3682E-11 9.7260E-10 3.8708E-14 7.6060E-14 1.7330E-10
  35  8.42600E+03  3.04729E+02  3.31700E-01  233.583 2.0303E-07 1.4914E-07 3.8260E-11 6.0559E-11 9.4627E-10 3.6642E-14 7.6274E-14 1.6865E-10
  36  8.73200E+03  3.07468E+02  3.17150E-01  231.590 1.9756E-07 1.1232E-07 4.2267E-11 5.7495E-11 9.2013E-10 3.4631E-14 7.6421E-14 1.6402E-10
  37  9.04100E+03  3.10238E+02  3.03000E-01  229.576 1.9212E-07 7.9892E-08 4.6255E-11 5.4483E-11 8.9407E-10 3.2712E-14 7.6659E-14 1.5940E-10
  38  9.35300E+03  3.13125E+02  2.89240E-01  227.590 1.8671E-07 6.2647E-08 5.0797E-11 5.1493E-11 8.6780E-10 3.1047E-14 7.7559E-14 1.5469E-10
  39  9.66700E+03  3.16041E+02  2.75880E-01  225.577 1.8135E-07 4.7759E-08 5.5208E-11 4.8564E-11 8.4168E-10 2.9444E-14 7.8442E-14 1.5001E-10
  40  9.98500E+03  3.18986E+02  2.62910E-01  223.529 1.7603E-07 3.4049E-08 5.9862E-11 4.5708E-11 8.1579E-10 2.7900E-14 7.9287E-14 1.4535E-10
  41  1.03050E+04  3.21981E+02  2.50320E-01  221.464 1.7076E-07 2.6790E-08 6.8709E-11 4.2933E-11 7.8986E-10 2.6603E-14 8.0681E-14 1.4051E-10
  42  1.06290E+04  3.25005E+02  2.38110E-01  219.365 1.6553E-07 2.1272E-08 7.8211E-11 4.0232E-11 7.6414E-10 2.5385E-14 8.2097E-14 1.3566E-10
  43  1.09550E+04  3.28204E+02  2.26290E-01  217.325 1.6034E-07 1.6079E-08 8.7283E-11 3.7596E-11 7.3869E-10 2.4199E-14 8.3431E-14 1.3088E-10
  44  1.12860E+04  3.33796E+02  2.14840E-01  216.773 1.5521E-07 1.2735E-08 9.6781E-11 3.4905E-11 7.1327E-10 2.3138E-14 8.5618E-14 1.2610E-10
  45  1.16240E+04  3.40371E+02  2.03760E-01  216.740 1.5013E-07 1.0075E-08 1.0604E-10 3.2251E-11 6.8808E-10 2.2131E-14 8.7940E-14 1.2139E-10
  46  1.19670E+04  3.47182E+02  1.93050E-01  216.707 1.4511E-07 7.5977E-09 1.1459E-10 2.9658E-11 6.6321E-10 2.1159E-14 9.0017E-14 1.1674E-10
  47  1.23180E+04  3.54272E+02  1.82700E-01  216.700 1.4014E-07 6.0489E-09 1.2079E-10 2.6883E-11 6.3831E-10 2.0373E-14 9.1511E-14 1.1215E-10
  48  1.26760E+04  3.61628E+02  1.72710E-01  216.700 1.3523E-07 4.8049E-09 1.2599E-10 2.4131E-11 6.1368E-10 1.9646E-14 9.2704E-14 1.0763E-10
  49  1.30410E+04  3.69259E+02  1.63080E-01  216.700 1.3038E-07 3.6809E-09 1.3161E-10 2.1502E-11 5.8942E-10 1.8941E-14 9.4139E-14 1.0318E-10
  50  1.34150E+04  3.77163E+02  1.53800E-01  216.700 1.2559E-07 2.9071E-09 1.4067E-10 1.9060E-11 5.6536E-10 1.8299E-14 9.7354E-14 9.8799E-11
  51  1.37960E+04  3.85385E+02  1.44860E-01  216.700 1.2087E-07 2.2089E-09 1.4955E-10 1.6730E-11 5.4172E-10 1.7671E-14 1.0052E-13 9.4500E-11
  52  1.41860E+04  3.93919E+02  1.36270E-01  216.700 1.1622E-07 1.7451E-09 1.5916E-10 1.4633E-11 5.1841E-10 1.7080E-14 1.0645E-13 9.0256E-11
  53  1.45840E+04  4.02786E+02  1.28010E-01  216.700 1.1163E-07 1.5674E-09 1.6988E-10 1.2803E-11 4.9542E-10 1.6532E-14 1.1595E-13 8.6059E-11
  54  1.49910E+04  4.12023E+02  1.20080E-01  216.700 1.0712E-07 1.3978E-09 1.8047E-10 1.1080E-11 4.7288E-10 1.5977E-14 1.2648E-13 8.1945E-11
  55  1.54080E+04  4.21639E+02  1.12480E-01  216.700 1.0268E-07 1.2255E-09 1.9606E-10 9.6138E-12 4.5064E-10 1.5335E-14 1.4985E-13 7.7826E-11
  56  1.58350E+04  4.31666E+02  1.05190E-01  216.700 9.8313E-08 1.0595E-09 2.1166E-10 8.2572E-12 4.2887E-10 1.4682E-14 1.7460E-13 7.3787E-11
  57  1.62720E+04  4.42115E+02  9.82240E-02  216.700 9.4023E-08 9.5856E-10 2.3175E-10 7.1424E-12 4.0717E-10 1.3811E-14 2.1481E-13 6.9689E-11
  58  1.67190E+04  4.53037E+02  9.15650E-02  216.700 8.9813E-08 9.0519E-10 2.5452E-10 6.2161E-12 3.8570E-10 1.2796E-14 2.6512E-13 6.5586E-11
  59  1.71780E+04  4.64449E+02  8.52090E-02  216.700 8.5684E-08 8.5607E-10 2.7821E-10 5.3583E-12 3.6469E-10 1.1743E-14 3.1970E-13 6.1545E-11
  60  1.76480E+04  4.76389E+02  7.91490E-02  216.700 8.1637E-08 8.1304E-10 3.0483E-10 4.5830E-12 3.4408E-10 1.0603E-14 3.8404E-13 5.7524E-11
  61  1.81310E+04  4.88898E+02  7.33810E-02  216.700 7.7675E-08 7.7244E-10 3.3006E-10 3.8790E-12 3.2384E-10 9.4576E-15 4.4995E-13 5.3560E-11
  62  1.86270E+04  5.02014E+02  6.78970E-02  216.700 7.3799E-08 7.3608E-10 3.5548E-10 3.2858E-12 3.0363E-10 8.2248E-15 5.2715E-13 4.9532E-11
  63  1.91350E+04  5.15795E+02  6.26920E-02  216.700 7.0011E-08 7.0122E-10 3.8078E-10 2.7797E-12 2.8366E-10 7.0608E-15 5.9742E-13 4.5614E-11
  64  1.96580E+04  5.30256E+02  5.77590E-02  216.700 6.6310E-08 6.6857E-10 4.0972E-10 2.4293E-12 2.6332E-10 5.9840E-15 6.5871E-13 4.1750E-11
  65  2.01970E+04  5.45924E+02  5.30910E-02  216.864 6.2703E-08 6.3733E-10 4.3257E-10 2.1415E-12 2.4335E-10 5.0523E-15 7.0452E-13 3.8033E-11
  66  2.07510E+04  5.63260E+02  4.86810E-02  217.355 5.9187E-08 6.0796E-10 4.4676E-10 1.9354E-12 2.2350E-10 4.3220E-15 7.2850E-13 3.4444E-11
  67  2.13240E+04  5.81729E+02  4.45230E-02  217.900 5.5767E-08 5.7969E-10 4.6554E-10 1.7845E-12 2.0388E-10 3.6978E-15 7.3818E-13 3.1158E-11
  68  2.19150E+04  6.01361E+02  4.06100E-02  218.491 5.2440E-08 5.5254E-10 4.8716E-10 1.6813E-12 1.8465E-10 3.1711E-15 7.3496E-13 2.8174E-11
  69  2.25270E+04  6.22217E+02  3.69350E-02  219.103 4.9211E-08 5.2827E-10 4.9968E-10 1.6230E-12 1.6658E-10 2.7792E-15 7.1591E-13 2.5675E-11
  70  2.31600E+04  6.44428E+02  3.34910E-02  219.737 4.6081E-08 5.0422E-10 5.0618E-10 1.5801E-12 1.4968E-10 2.4511E-15 6.8808E-13 2.3390E-11
  71  2.38170E+04  6.68098E+02  3.02700E-02  220.393 4.3050E-08 4.7854E-10 5.0680E-10 1.5440E-12 1.3410E-10 2.1642E-15 6.5023E-13 2.1175E-11
  72  2.44970E+04  6.93373E+02  2.72650E-02  221.073 4.0120E-08 4.5425E-10 5.0636E-10 1.5072E-12 1.2002E-10 1.9060E-15 5.9723E-13 1.8952E-11
  73  2.52040E+04  7.20395E+02  2.44680E-02  221.771 3.7290E-08 4.2949E-10 4.9999E-10 1.4566E-12 1.0777E-10 1.6819E-15 5.3769E-13 1.6903E-11
  74  2.59390E+04  7.49355E+02  2.18740E-02  222.479 3.4565E-08 4.0221E-10 4.8203E-10 1.3778E-12 9.7915E-11 1.5020E-15 4.7767E-13 1.5212E-11
  75  2.67040E+04  7.80465E+02  1.94720E-02  223.213 3.1943E-08 3.7550E-10 4.6284E-10 1.2986E-12 8.8659E-11 1.3348E-15 4.2138E-13 1.3632E-11
  76  2.75010E+04  8.14016E+02  1.72580E-02  223.980 2.9425E-08 3.4955E-10 4.4319E-10 1.2209E-12 7.9906E-11 1.1788E-15 3.6817E-13 1.2148E-11
  77  2.83330E+04  8.50406E+02  1.52210E-02  224.809 2.7013E-08 3.2441E-10 4.2420E-10 1.1467E-12 7.1556E-11 1.0351E-15 3.1365E-13 1.0751E-11
  78  2.92040E+04  8.89873E+02  1.33550E-02  225.679 2.4707E-08 3.0006E-10 4.0472E-10 1.0738E-12 6.3712E-11 9.0207E-16 2.6277E-13 9.4494E-12
  79  3.01150E+04  9.33043E+02  1.16530E-02  226.636 2.2507E-08 2.7631E-10 3.8466E-10 1.0026E-12 5.6373E-11 7.8233E-16 2.1649E-13 8.2196E-12
  80  3.10720E+04  9.81059E+02  1.01060E-02  227.852 2.0414E-08 2.5258E-10 3.6426E-10 9.3537E-13 4.9475E-11 6.8386E-16 1.7474E-13 6.9936E-12
  81  3.20800E+04  1.03390E+03  8.70620E-03  229.150 1.8429E-08 2.2979E-10 3.4339E-10 8.6927E-13 4.3092E-11 5.9428E-16 1.3733E-13 5.8679E-12
  82  3.31440E+04  1.09531E+03  7.44630E-03  231.164 1.6551E-08 2.0799E-10 3.2045E-10 8.0746E-13 3.7099E-11 5.1647E-16 1.0412E-13 4.8271E-12
  83  3.42760E+04  1.16872E+03  6.31830E-03  234.361 1.4780E-08 1.8716E-10 2.9500E-10 7.5117E-13 3.1444E-11 4.5163E-16 7.4954E-14 3.8605E-12
  84  3.54860E+04  1.25085E+03  5.31440E-03  237.750 1.3115E-08 1.6725E-10 2.6664E-10 6.9854E-13 2.6311E-11 3.9867E-16 5.1438E-14 2.9871E-12
  85  3.67830E+04  1.34368E+03  4.42680E-03  241.341 1.1561E-08 1.4827E-10 2.3446E-10 6.5123E-13 2.1691E-11 3.5975E-16 3.3999E-14 2.1989E-12
  86  3.81790E+04  1.44890E+03  3.64780E-03  245.222 1.0109E-08 1.3059E-10 2.0074E-10 6.0547E-13 1.7554E-11 3.2993E-16 2.1878E-14 1.5800E-12
  87  3.96890E+04  1.56955E+03  2.96970E-03  249.408 8.7656E-09 1.1421E-10 1.6735E-10 5.6059E-13 1.3895E-11 3.0598E-16 1.3509E-14 1.0944E-12
  88  4.13280E+04  1.70876E+03  2.38480E-03  253.937 7.5264E-09 9.9487E-11 1.3168E-10 5.2093E-13 1.0582E-11 2.9495E-16 7.6015E-15 7.0554E-13
  89  4.31180E+04  1.87117E+03  1.88550E-03  258.856 6.3920E-09 8.5772E-11 9.9404E-11 4.8471E-13 7.7206E-12 2.9120E-16 3.7267E-15 4.1458E-13
  90  4.50850E+04  2.06221E+03  1.46430E-03  264.210 5.3597E-09 7.2673E-11 7.2651E-11 4.5266E-13 5.3570E-12 2.9630E-16 1.7982E-15 2.2756E-13
  91  4.72570E+04  2.28306E+03  1.11390E-03  269.425 4.4268E-09 6.0294E-11 4.8856E-11 4.2366E-13 3.5167E-12 3.1001E-16 9.6302E-16 1.1832E-13
  92  4.96520E+04  2.50605E+03  8.26910E-04  270.398 3.5961E-09 4.8823E-11 3.0730E-11 4.1614E-13 2.2149E-12 3.1850E-16 5.6104E-16 5.3726E-14
  93  5.22650E+04  2.72102E+03  5.96370E-04  266.412 2.8594E-09 3.8403E-11 1.8837E-11 4.0717E-13 1.4977E-12 2.9756E-16 3.7677E-16 2.9651E-14
  94  5.51080E+04  2.96484E+03  4.15280E-04  260.488 2.2195E-09 2.9301E-11 1.0619E-11 3.9193E-13 1.0202E-12 2.6271E-16 2.5851E-16 1.7625E-14
  95  5.82100E+04  3.23887E+03  2.76900E-04  252.322 1.6696E-09 2.1184E-11 5.9391E-12 3.9703E-13 7.1522E-13 2.1399E-16 1.7671E-16 1.0516E-14
  96  6.16150E+04  3.57197E+03  1.74800E-04  243.039 1.2073E-09 1.4393E-11 3.0877E-12 4.0848E-13 4.9807E-13 1.6109E-16 1.1725E-16 5.9706E-15
  97  6.54040E+04  4.00569E+03  1.02710E-04  232.761 8.3114E-10 8.9802E-12 1.4763E-12 4.1938E-13 3.4282E-13 1.0834E-16 7.5372E-17 3.2563E-15
  98  6.96990E+04  4.58282E+03  5.47150E-05  221.323 5.3312E-10 4.9574E-12 5.1056E-13 4.2513E-13 2.1989E-13 6.0381E-17 4.5688E-17 1.6558E-15
  99  7.47130E+04  5.44616E+03  2.53190E-05  209.992 3.0910E-10 2.3331E-12 2.1257E-13 5.1202E-13 1.2756E-13 2.4280E-17 2.5245E-17 7.4623E-16
 100  8.08910E+04  6.90990E+03  9.36810E-06  198.164 1.5268E-10 8.0978E-13 1.3265E-13 6.8441E-13 6.3610E-14 5.5810E-18 1.2050E-17 2.8273E-16
