    1    650.000     15.52
    2    650.625     15.54
    3    651.250     15.57
    4    651.875     15.60
    5    652.500     15.62
    6    653.125     15.65
    7    653.750     15.67
    8    654.375     15.70
    9    655.000     15.73
   10    655.625     15.75
   11    656.250     15.78
   12    656.875     15.81
   13    657.500     15.84
   14    658.125     15.86
   15    658.750     15.89
   16    659.375     15.92
   17    660.000     15.94
   18    660.625     15.97
   19    661.250     16.00
   20    661.875     16.03
   21    662.500     16.06
   22    663.125     16.09
   23    663.750     16.11
   24    664.375     16.14
   25    665.000     16.17
   26    665.625     16.20
   27    666.250     16.23
   28    666.875     16.26
   29    667.500     16.29
   30    668.125     16.32
   31    668.750     16.35
   32    669.375     16.38
   33    670.000     16.41
   34    670.625     16.44
   35    671.250     16.47
   36    671.875     16.50
   37    672.500     16.53
   38    673.125     16.56
   39    673.750     16.59
   40    674.375     16.62
   41    675.000     16.65
   42    675.625     16.68
   43    676.250     16.71
   44    676.875     16.75
   45    677.500     16.78
   46    678.125     16.81
   47    678.750     16.84
   48    679.375     16.87
   49    680.000     16.91
   50    680.625     16.94
   51    681.250     16.97
   52    681.875     17.00
   53    682.500     17.03
   54    683.125     17.07
   55    683.750     17.10
   56    684.375     17.13
   57    685.000     17.16
   58    685.625     17.20
   59    686.250     17.23
   60    686.875     17.26
   61    687.500     17.30
   62    688.125     17.33
   63    688.750     17.36
   64    689.375     17.40
   65    690.000     17.43
   66    690.625     17.46
   67    691.250     17.50
   68    691.875     17.53
   69    692.500     17.56
   70    693.125     17.60
   71    693.750     17.63
   72    694.375     17.66
   73    695.000     17.70
   74    695.625     17.73
   75    696.250     17.76
   76    696.875     17.80
   77    697.500     17.83
   78    698.125     17.87
   79    698.750     17.90
   80    699.375     17.93
   81    700.000     17.97
   82    700.625     18.00
   83    701.250     18.03
   84    701.875     18.07
   85    702.500     18.10
   86    703.125     18.14
   87    703.750     18.17
   88    704.375     18.20
   89    705.000     18.24
   90    705.625     18.27
   91    706.250     18.31
   92    706.875     18.34
   93    707.500     18.37
   94    708.125     18.41
   95    708.750     18.44
   96    709.375     18.48
   97    710.000     18.51
   98    710.625     18.54
   99    711.250     18.58
  100    711.875     18.61
  101    712.500     18.64
  102    713.125     18.68
  103    713.750     18.71
  104    714.375     18.75
  105    715.000     18.78
  106    715.625     18.81
  107    716.250     18.85
  108    716.875     18.88
  109    717.500     18.91
  110    718.125     18.95
  111    718.750     18.98
  112    719.375     19.01
  113    720.000     19.05
  114    720.625     19.08
  115    721.250     19.11
  116    721.875     19.15
  117    722.500     19.18
  118    723.125     19.21
  119    723.750     19.25
  120    724.375     19.28
  121    725.000     19.31
  122    725.625     19.34
  123    726.250     19.38
  124    726.875     19.41
  125    727.500     19.44
  126    728.125     19.48
  127    728.750     19.51
  128    729.375     19.54
  129    730.000     19.58
  130    730.625     19.61
  131    731.250     19.64
  132    731.875     19.67
  133    732.500     19.71
  134    733.125     19.74
  135    733.750     19.77
  136    734.375     19.81
  137    735.000     19.84
  138    735.625     19.87
  139    736.250     19.90
  140    736.875     19.94
  141    737.500     19.97
  142    738.125     20.00
  143    738.750     20.04
  144    739.375     20.07
  145    740.000     20.10
  146    740.625     20.13
  147    741.250     20.17
  148    741.875     20.20
  149    742.500     20.23
  150    743.125     20.27
  151    743.750     20.30
  152    744.375     20.33
  153    745.000     20.36
  154    745.625     20.40
  155    746.250     20.43
  156    746.875     20.46
  157    747.500     20.50
  158    748.125     20.53
  159    748.750     20.56
  160    749.375     20.60
  161    750.000     20.63
  162    750.625     20.66
  163    751.250     20.70
  164    751.875     20.73
  165    752.500     20.76
  166    753.125     20.80
  167    753.750     20.83
  168    754.375     20.86
  169    755.000     20.90
  170    755.625     20.93
  171    756.250     20.96
  172    756.875     21.00
  173    757.500     21.03
  174    758.125     21.06
  175    758.750     21.10
  176    759.375     21.13
  177    760.000     21.16
  178    760.625     21.20
  179    761.250     21.23
  180    761.875     21.27
  181    762.500     21.30
  182    763.125     21.33
  183    763.750     21.37
  184    764.375     21.40
  185    765.000     21.44
  186    765.625     21.47
  187    766.250     21.51
  188    766.875     21.54
  189    767.500     21.57
  190    768.125     21.61
  191    768.750     21.64
  192    769.375     21.68
  193    770.000     21.71
  194    770.625     21.75
  195    771.250     21.78
  196    771.875     21.82
  197    772.500     21.85
  198    773.125     21.89
  199    773.750     21.92
  200    774.375     21.96
  201    775.000     21.99
  202    775.625     22.03
  203    776.250     22.06
  204    776.875     22.10
  205    777.500     22.13
  206    778.125     22.17
  207    778.750     22.20
  208    779.375     22.24
  209    780.000     22.28
  210    780.625     22.31
  211    781.250     22.35
  212    781.875     22.38
  213    782.500     22.42
  214    783.125     22.45
  215    783.750     22.49
  216    784.375     22.53
  217    785.000     22.56
  218    785.625     22.60
  219    786.250     22.63
  220    786.875     22.67
  221    787.500     22.71
  222    788.125     22.74
  223    788.750     22.78
  224    789.375     22.82
  225    790.000     22.85
  226    790.625     22.89
  227    791.250     22.93
  228    791.875     22.96
  229    792.500     23.00
  230    793.125     23.04
  231    793.750     23.07
  232    794.375     23.11
  233    795.000     23.15
  234    795.625     23.18
  235    796.250     23.22
  236    796.875     23.26
  237    797.500     23.29
  238    798.125     23.33
  239    798.750     23.37
  240    799.375     23.40
  241    800.000     23.44
  242    800.625     23.48
  243    801.250     23.52
  244    801.875     23.55
  245    802.500     23.59
  246    803.125     23.63
  247    803.750     23.67
  248    804.375     23.70
  249    805.000     23.74
  250    805.625     23.78
  251    806.250     23.82
  252    806.875     23.85
  253    807.500     23.89
  254    808.125     23.93
  255    808.750     23.97
  256    809.375     24.00
  257    810.000     24.04
  258    810.625     24.08
  259    811.250     24.12
  260    811.875     24.15
  261    812.500     24.19
  262    813.125     24.23
  263    813.750     24.27
  264    814.375     24.31
  265    815.000     24.34
  266    815.625     24.38
  267    816.250     24.42
  268    816.875     24.46
  269    817.500     24.50
  270    818.125     24.53
  271    818.750     24.57
  272    819.375     24.61
  273    820.000     24.65
  274    820.625     24.69
  275    821.250     24.73
  276    821.875     24.76
  277    822.500     24.80
  278    823.125     24.84
  279    823.750     24.88
  280    824.375     24.92
  281    825.000     24.96
  282    825.625     24.99
  283    826.250     25.03
  284    826.875     25.07
  285    827.500     25.11
  286    828.125     25.15
  287    828.750     25.19
  288    829.375     25.22
  289    830.000     25.26
  290    830.625     25.30
  291    831.250     25.34
  292    831.875     25.38
  293    832.500     25.42
  294    833.125     25.46
  295    833.750     25.49
  296    834.375     25.53
  297    835.000     25.57
  298    835.625     25.61
  299    836.250     25.65
  300    836.875     25.69
  301    837.500     25.73
  302    838.125     25.76
  303    838.750     25.80
  304    839.375     25.84
  305    840.000     25.88
  306    840.625     25.92
  307    841.250     25.96
  308    841.875     26.00
  309    842.500     26.03
  310    843.125     26.07
  311    843.750     26.11
  312    844.375     26.15
  313    845.000     26.19
  314    845.625     26.23
  315    846.250     26.27
  316    846.875     26.31
  317    847.500     26.35
  318    848.125     26.38
  319    848.750     26.42
  320    849.375     26.46
  321    850.000     26.50
  322    850.625     26.54
  323    851.250     26.58
  324    851.875     26.62
  325    852.500     26.66
  326    853.125     26.70
  327    853.750     26.74
  328    854.375     26.77
  329    855.000     26.81
  330    855.625     26.85
  331    856.250     26.89
  332    856.875     26.93
  333    857.500     26.97
  334    858.125     27.01
  335    858.750     27.05
  336    859.375     27.09
  337    860.000     27.13
  338    860.625     27.17
  339    861.250     27.21
  340    861.875     27.25
  341    862.500     27.28
  342    863.125     27.32
  343    863.750     27.36
  344    864.375     27.40
  345    865.000     27.44
  346    865.625     27.48
  347    866.250     27.52
  348    866.875     27.56
  349    867.500     27.60
  350    868.125     27.64
  351    868.750     27.68
  352    869.375     27.72
  353    870.000     27.76
  354    870.625     27.80
  355    871.250     27.84
  356    871.875     27.88
  357    872.500     27.92
  358    873.125     27.96
  359    873.750     28.00
  360    874.375     28.04
  361    875.000     28.08
  362    875.625     28.12
  363    876.250     28.16
  364    876.875     28.20
  365    877.500     28.24
  366    878.125     28.28
  367    878.750     28.32
  368    879.375     28.36
  369    880.000     28.40
  370    880.625     28.44
  371    881.250     28.48
  372    881.875     28.52
  373    882.500     28.56
  374    883.125     28.60
  375    883.750     28.64
  376    884.375     28.68
  377    885.000     28.72
  378    885.625     28.76
  379    886.250     28.80
  380    886.875     28.85
  381    887.500     28.89
  382    888.125     28.93
  383    888.750     28.97
  384    889.375     29.01
  385    890.000     29.05
  386    890.625     29.09
  387    891.250     29.13
  388    891.875     29.17
  389    892.500     29.21
  390    893.125     29.25
  391    893.750     29.30
  392    894.375     29.34
  393    895.000     29.38
  394    895.625     29.42
  395    896.250     29.46
  396    896.875     29.50
  397    897.500     29.54
  398    898.125     29.58
  399    898.750     29.63
  400    899.375     29.67
  401    900.000     29.71
  402    900.625     29.75
  403    901.250     29.79
  404    901.875     29.83
  405    902.500     29.87
  406    903.125     29.92
  407    903.750     29.96
  408    904.375     30.00
  409    905.000     30.04
  410    905.625     30.08
  411    906.250     30.13
  412    906.875     30.17
  413    907.500     30.21
  414    908.125     30.25
  415    908.750     30.29
  416    909.375     30.34
  417    910.000     30.38
  418    910.625     30.42
  419    911.250     30.46
  420    911.875     30.51
  421    912.500     30.55
  422    913.125     30.59
  423    913.750     30.63
  424    914.375     30.68
  425    915.000     30.72
  426    915.625     30.76
  427    916.250     30.80
  428    916.875     30.85
  429    917.500     30.89
  430    918.125     30.93
  431    918.750     30.98
  432    919.375     31.02
  433    920.000     31.06
  434    920.625     31.10
  435    921.250     31.15
  436    921.875     31.19
  437    922.500     31.23
  438    923.125     31.28
  439    923.750     31.32
  440    924.375     31.36
  441    925.000     31.41
  442    925.625     31.45
  443    926.250     31.49
  444    926.875     31.54
  445    927.500     31.58
  446    928.125     31.62
  447    928.750     31.67
  448    929.375     31.71
  449    930.000     31.76
  450    930.625     31.80
  451    931.250     31.84
  452    931.875     31.89
  453    932.500     31.93
  454    933.125     31.97
  455    933.750     32.02
  456    934.375     32.06
  457    935.000     32.11
  458    935.625     32.15
  459    936.250     32.19
  460    936.875     32.24
  461    937.500     32.28
  462    938.125     32.33
  463    938.750     32.37
  464    939.375     32.41
  465    940.000     32.46
  466    940.625     32.50
  467    941.250     32.55
  468    941.875     32.59
  469    942.500     32.64
  470    943.125     32.68
  471    943.750     32.73
  472    944.375     32.77
  473    945.000     32.82
  474    945.625     32.86
  475    946.250     32.90
  476    946.875     32.95
  477    947.500     32.99
  478    948.125     33.04
  479    948.750     33.08
  480    949.375     33.13
  481    950.000     33.17
  482    950.625     33.22
  483    951.250     33.26
  484    951.875     33.31
  485    952.500     33.35
  486    953.125     33.40
  487    953.750     33.44
  488    954.375     33.49
  489    955.000     33.53
  490    955.625     33.58
  491    956.250     33.62
  492    956.875     33.67
  493    957.500     33.71
  494    958.125     33.76
  495    958.750     33.80
  496    959.375     33.85
  497    960.000     33.89
  498    960.625     33.94
  499    961.250     33.99
  500    961.875     34.03
  501    962.500     34.08
  502    963.125     34.12
  503    963.750     34.17
  504    964.375     34.21
  505    965.000     34.26
  506    965.625     34.30
  507    966.250     34.35
  508    966.875     34.40
  509    967.500     34.44
  510    968.125     34.49
  511    968.750     34.53
  512    969.375     34.58
  513    970.000     34.62
  514    970.625     34.67
  515    971.250     34.72
  516    971.875     34.76
  517    972.500     34.81
  518    973.125     34.85
  519    973.750     34.90
  520    974.375     34.95
  521    975.000     34.99
  522    975.625     35.04
  523    976.250     35.08
  524    976.875     35.13
  525    977.500     35.18
  526    978.125     35.22
  527    978.750     35.27
  528    979.375     35.31
  529    980.000     35.36
  530    980.625     35.41
  531    981.250     35.45
  532    981.875     35.50
  533    982.500     35.54
  534    983.125     35.59
  535    983.750     35.64
  536    984.375     35.68
  537    985.000     35.73
  538    985.625     35.78
  539    986.250     35.82
  540    986.875     35.87
  541    987.500     35.91
  542    988.125     35.96
  543    988.750     36.01
  544    989.375     36.05
  545    990.000     36.10
  546    990.625     36.15
  547    991.250     36.19
  548    991.875     36.24
  549    992.500     36.29
  550    993.125     36.33
  551    993.750     36.38
  552    994.375     36.43
  553    995.000     36.47
  554    995.625     36.52
  555    996.250     36.57
  556    996.875     36.61
  557    997.500     36.66
  558    998.125     36.71
  559    998.750     36.75
  560    999.375     36.80
  561   1000.000     36.85
  562   1000.625     36.89
  563   1001.250     36.94
  564   1001.875     36.99
  565   1002.500     37.03
  566   1003.125     37.08
  567   1003.750     37.13
  568   1004.375     37.17
  569   1005.000     37.22
  570   1005.625     37.27
  571   1006.250     37.31
  572   1006.875     37.36
  573   1007.500     37.41
  574   1008.125     37.45
  575   1008.750     37.50
  576   1009.375     37.55
  577   1010.000     37.59
  578   1010.625     37.64
  579   1011.250     37.69
  580   1011.875     37.73
  581   1012.500     37.78
  582   1013.125     37.83
  583   1013.750     37.88
  584   1014.375     37.92
  585   1015.000     37.97
  586   1015.625     38.02
  587   1016.250     38.06
  588   1016.875     38.11
  589   1017.500     38.16
  590   1018.125     38.20
  591   1018.750     38.25
  592   1019.375     38.30
  593   1020.000     38.35
  594   1020.625     38.39
  595   1021.250     38.44
  596   1021.875     38.49
  597   1022.500     38.53
  598   1023.125     38.58
  599   1023.750     38.63
  600   1024.375     38.68
  601   1025.000     38.72
  602   1025.625     38.77
  603   1026.250     38.82
  604   1026.875     38.86
  605   1027.500     38.91
  606   1028.125     38.96
  607   1028.750     39.01
  608   1029.375     39.05
  609   1030.000     39.10
  610   1030.625     39.15
  611   1031.250     39.20
  612   1031.875     39.24
  613   1032.500     39.29
  614   1033.125     39.34
  615   1033.750     39.38
  616   1034.375     39.43
  617   1035.000     39.48
  618   1035.625     39.53
  619   1036.250     39.57
  620   1036.875     39.62
  621   1037.500     39.67
  622   1038.125     39.72
  623   1038.750     39.76
  624   1039.375     39.81
  625   1040.000     39.86
  626   1040.625     39.91
  627   1041.250     39.95
  628   1041.875     40.00
  629   1042.500     40.05
  630   1043.125     40.10
  631   1043.750     40.15
  632   1044.375     40.19
  633   1045.000     40.24
  634   1045.625     40.29
  635   1046.250     40.34
  636   1046.875     40.38
  637   1047.500     40.43
  638   1048.125     40.48
  639   1048.750     40.53
  640   1049.375     40.57
  641   1050.000     40.62
  642   1050.625     40.67
  643   1051.250     40.72
  644   1051.875     40.77
  645   1052.500     40.81
  646   1053.125     40.86
  647   1053.750     40.91
  648   1054.375     40.96
  649   1055.000     41.00
  650   1055.625     41.05
  651   1056.250     41.10
  652   1056.875     41.15
  653   1057.500     41.20
  654   1058.125     41.24
  655   1058.750     41.29
  656   1059.375     41.34
  657   1060.000     41.39
  658   1060.625     41.44
  659   1061.250     41.48
  660   1061.875     41.53
  661   1062.500     41.58
  662   1063.125     41.63
  663   1063.750     41.68
  664   1064.375     41.72
  665   1065.000     41.77
  666   1065.625     41.82
  667   1066.250     41.87
  668   1066.875     41.92
  669   1067.500     41.97
  670   1068.125     42.01
  671   1068.750     42.06
  672   1069.375     42.11
  673   1070.000     42.16
  674   1070.625     42.21
  675   1071.250     42.25
  676   1071.875     42.30
  677   1072.500     42.35
  678   1073.125     42.40
  679   1073.750     42.45
  680   1074.375     42.50
  681   1075.000     42.54
  682   1075.625     42.59
  683   1076.250     42.64
  684   1076.875     42.69
  685   1077.500     42.74
  686   1078.125     42.79
  687   1078.750     42.83
  688   1079.375     42.88
  689   1080.000     42.93
  690   1080.625     42.98
  691   1081.250     43.03
  692   1081.875     43.08
  693   1082.500     43.13
  694   1083.125     43.17
  695   1083.750     43.22
  696   1084.375     43.27
  697   1085.000     43.32
  698   1085.625     43.37
  699   1086.250     43.42
  700   1086.875     43.47
  701   1087.500     43.51
  702   1088.125     43.56
  703   1088.750     43.61
  704   1089.375     43.66
  705   1090.000     43.71
  706   1090.625     43.76
  707   1091.250     43.81
  708   1091.875     43.86
  709   1092.500     43.90
  710   1093.125     43.95
  711   1093.750     44.00
  712   1094.375     44.05
  713   1095.000     44.10
  714   1210.000     53.32
  715   1211.250     53.42
  716   1212.500     53.53
  717   1213.750     53.63
  718   1215.000     53.73
  719   1216.250     53.83
  720   1217.500     53.94
  721   1218.750     54.04
  722   1220.000     54.14
  723   1221.250     54.24
  724   1222.500     54.34
  725   1223.750     54.45
  726   1225.000     54.55
  727   1226.250     54.65
  728   1227.500     54.75
  729   1228.750     54.85
  730   1230.000     54.96
  731   1231.250     55.06
  732   1232.500     55.16
  733   1233.750     55.26
  734   1235.000     55.37
  735   1236.250     55.47
  736   1237.500     55.57
  737   1238.750     55.67
  738   1240.000     55.78
  739   1241.250     55.88
  740   1242.500     55.98
  741   1243.750     56.08
  742   1245.000     56.19
  743   1246.250     56.29
  744   1247.500     56.39
  745   1248.750     56.49
  746   1250.000     56.60
  747   1251.250     56.70
  748   1252.500     56.80
  749   1253.750     56.90
  750   1255.000     57.00
  751   1256.250     57.11
  752   1257.500     57.21
  753   1258.750     57.31
  754   1260.000     57.41
  755   1261.250     57.52
  756   1262.500     57.62
  757   1263.750     57.72
  758   1265.000     57.82
  759   1266.250     57.93
  760   1267.500     58.03
  761   1268.750     58.13
  762   1270.000     58.23
  763   1271.250     58.33
  764   1272.500     58.44
  765   1273.750     58.54
  766   1275.000     58.64
  767   1276.250     58.74
  768   1277.500     58.85
  769   1278.750     58.95
  770   1280.000     59.05
  771   1281.250     59.15
  772   1282.500     59.26
  773   1283.750     59.36
  774   1285.000     59.46
  775   1286.250     59.56
  776   1287.500     59.67
  777   1288.750     59.77
  778   1290.000     59.87
  779   1291.250     59.98
  780   1292.500     60.08
  781   1293.750     60.18
  782   1295.000     60.28
  783   1296.250     60.39
  784   1297.500     60.49
  785   1298.750     60.59
  786   1300.000     60.70
  787   1301.250     60.80
  788   1302.500     60.90
  789   1303.750     61.00
  790   1305.000     61.11
  791   1306.250     61.21
  792   1307.500     61.31
  793   1308.750     61.41
  794   1310.000     61.52
  795   1311.250     61.62
  796   1312.500     61.72
  797   1313.750     61.83
  798   1315.000     61.93
  799   1316.250     62.03
  800   1317.500     62.14
  801   1318.750     62.24
  802   1320.000     62.34
  803   1321.250     62.45
  804   1322.500     62.55
  805   1323.750     62.65
  806   1325.000     62.76
  807   1326.250     62.86
  808   1327.500     62.96
  809   1328.750     63.06
  810   1330.000     63.17
  811   1331.250     63.27
  812   1332.500     63.38
  813   1333.750     63.48
  814   1335.000     63.58
  815   1336.250     63.69
  816   1337.500     63.79
  817   1338.750     63.89
  818   1340.000     64.00
  819   1341.250     64.10
  820   1342.500     64.21
  821   1343.750     64.31
  822   1345.000     64.41
  823   1346.250     64.52
  824   1347.500     64.62
  825   1348.750     64.72
  826   1350.000     64.83
  827   1351.250     64.93
  828   1352.500     65.04
  829   1353.750     65.14
  830   1355.000     65.25
  831   1356.250     65.35
  832   1357.500     65.45
  833   1358.750     65.56
  834   1360.000     65.66
  835   1361.250     65.77
  836   1362.500     65.87
  837   1363.750     65.97
  838   1365.000     66.08
  839   1366.250     66.18
  840   1367.500     66.29
  841   1368.750     66.39
  842   1370.000     66.50
  843   1371.250     66.60
  844   1372.500     66.71
  845   1373.750     66.81
  846   1375.000     66.92
  847   1376.250     67.02
  848   1377.500     67.13
  849   1378.750     67.23
  850   1380.000     67.34
  851   1381.250     67.44
  852   1382.500     67.55
  853   1383.750     67.65
  854   1385.000     67.76
  855   1386.250     67.86
  856   1387.500     67.97
  857   1388.750     68.07
  858   1390.000     68.18
  859   1391.250     68.28
  860   1392.500     68.39
  861   1393.750     68.50
  862   1395.000     68.60
  863   1396.250     68.71
  864   1397.500     68.81
  865   1398.750     68.92
  866   1400.000     69.03
  867   1401.250     69.13
  868   1402.500     69.24
  869   1403.750     69.34
  870   1405.000     69.45
  871   1406.250     69.55
  872   1407.500     69.66
  873   1408.750     69.77
  874   1410.000     69.88
  875   1411.250     69.98
  876   1412.500     70.09
  877   1413.750     70.19
  878   1415.000     70.30
  879   1416.250     70.41
  880   1417.500     70.52
  881   1418.750     70.62
  882   1420.000     70.73
  883   1421.250     70.83
  884   1422.500     70.94
  885   1423.750     71.05
  886   1425.000     71.16
  887   1426.250     71.26
  888   1427.500     71.37
  889   1428.750     71.48
  890   1430.000     71.59
  891   1431.250     71.69
  892   1432.500     71.80
  893   1433.750     71.91
  894   1435.000     72.02
  895   1436.250     72.12
  896   1437.500     72.23
  897   1438.750     72.34
  898   1440.000     72.45
  899   1441.250     72.56
  900   1442.500     72.67
  901   1443.750     72.77
  902   1445.000     72.88
  903   1446.250     72.99
  904   1447.500     73.10
  905   1448.750     73.20
  906   1450.000     73.31
  907   1451.250     73.42
  908   1452.500     73.53
  909   1453.750     73.64
  910   1455.000     73.75
  911   1456.250     73.85
  912   1457.500     73.96
  913   1458.750     74.07
  914   1460.000     74.18
  915   1461.250     74.29
  916   1462.500     74.40
  917   1463.750     74.50
  918   1465.000     74.61
  919   1466.250     74.72
  920   1467.500     74.83
  921   1468.750     74.94
  922   1470.000     75.05
  923   1471.250     75.15
  924   1472.500     75.26
  925   1473.750     75.37
  926   1475.000     75.48
  927   1476.250     75.58
  928   1477.500     75.69
  929   1478.750     75.80
  930   1480.000     75.91
  931   1481.250     76.01
  932   1482.500     76.12
  933   1483.750     76.23
  934   1485.000     76.34
  935   1486.250     76.44
  936   1487.500     76.55
  937   1488.750     76.66
  938   1490.000     76.77
  939   1491.250     76.87
  940   1492.500     76.98
  941   1493.750     77.09
  942   1495.000     77.20
  943   1496.250     77.30
  944   1497.500     77.41
  945   1498.750     77.51
  946   1500.000     77.62
  947   1501.250     77.71
  948   1502.500     77.83
  949   1503.750     77.94
  950   1505.000     78.05
  951   1506.250     78.15
  952   1507.500     78.26
  953   1508.750     78.38
  954   1510.000     78.50
  955   1511.250     78.60
  956   1512.500     78.70
  957   1513.750     78.81
  958   1515.000     78.91
  959   1516.250     79.00
  960   1517.500     79.09
  961   1518.750     79.18
  962   1520.000     79.27
  963   1521.250     79.36
  964   1522.500     79.47
  965   1523.750     79.57
  966   1525.000     79.69
  967   1526.250     79.79
  968   1527.500     79.90
  969   1528.750     80.00
  970   1530.000     80.11
  971   1531.250     80.20
  972   1532.500     80.28
  973   1533.750     80.34
  974   1535.000     80.42
  975   1536.250     80.46
  976   1537.500     80.48
  977   1538.750     80.52
  978   1540.000     80.61
  979   1541.250     80.66
  980   1542.500     80.78
  981   1543.750     80.89
  982   1545.000     80.97
  983   1546.250     81.10
  984   1547.500     81.21
  985   1548.750     81.28
  986   1550.000     81.37
  987   1551.250     81.50
  988   1552.500     81.67
  989   1553.750     81.81
  990   1555.000     81.98
  991   1556.250     82.17
  992   1557.500     82.44
  993   1558.750     82.71
  994   1560.000     82.94
  995   1561.250     83.18
  996   1562.500     83.47
  997   1563.750     83.72
  998   1565.000     83.98
  999   1566.250     84.11
 1000   1567.500     84.35
 1001   1568.750     84.60
 1002   1570.000     84.69
 1003   1571.250     84.60
 1004   1572.500     84.59
 1005   1573.750     84.92
 1006   1575.000     85.11
 1007   1576.250     85.07
 1008   1577.500     85.09
 1009   1578.750     85.06
 1010   1580.000     85.11
 1011   1581.250     85.19
 1012   1582.500     85.10
 1013   1583.750     85.01
 1014   1585.000     85.06
 1015   1586.250     85.09
 1016   1587.500     85.22
 1017   1588.750     85.24
 1018   1590.000     85.23
 1019   1591.250     85.39
 1020   1592.500     85.46
 1021   1593.750     85.51
 1022   1595.000     85.68
 1023   1596.250     85.65
 1024   1597.500     85.87
 1025   1598.750     86.09
 1026   1600.000     86.12
 1027   1601.250     85.71
 1028   1602.500     85.78
 1029   1603.750     86.47
 1030   1605.000     86.65
 1031   1606.250     86.27
 1032   1607.500     85.97
 1033   1608.750     86.64
 1034   1610.000     87.12
 1035   1611.250     87.30
 1036   1612.500     87.28
 1037   1613.750     87.32
 1038   1615.000     87.55
 1039   1616.250     87.76
 1040   1617.500     87.80
 1041   1618.750     87.68
 1042   1620.000     87.75
 1043   1621.250     88.17
 1044   1622.500     88.32
 1045   1623.750     88.38
 1046   1625.000     88.39
 1047   1626.250     88.61
 1048   1627.500     88.84
 1049   1628.750     88.81
 1050   1630.000     88.74
 1051   1631.250     88.46
 1052   1632.500     88.70
 1053   1633.750     89.14
 1054   1635.000     89.12
 1055   1636.250     88.93
 1056   1637.500     88.88
 1057   1638.750     89.00
 1058   1640.000     89.40
 1059   1641.250     89.35
 1060   1642.500     89.16
 1061   1643.750     89.66
 1062   1645.000     90.19
 1063   1646.250     90.26
 1064   1647.500     90.08
 1065   1648.750     89.82
 1066   1650.000     90.10
 1067   1651.250     90.58
 1068   1652.500     90.59
 1069   1653.750     90.51
 1070   1655.000     90.57
 1071   1656.250     91.02
 1072   1657.500     91.14
 1073   1658.750     91.20
 1074   1660.000     91.11
 1075   1661.250     91.11
 1076   1662.500     91.31
 1077   1663.750     91.64
 1078   1665.000     91.71
 1079   1666.250     91.56
 1080   1667.500     91.73
 1081   1668.750     92.13
 1082   1670.000     92.26
 1083   1671.250     92.22
 1084   1672.500     92.19
 1085   1673.750     92.70
 1086   1675.000     93.00
 1087   1676.250     92.99
 1088   1677.500     92.92
 1089   1678.750     93.03
 1090   1680.000     93.35
 1091   1681.250     93.46
 1092   1682.500     93.78
 1093   1683.750     93.86
 1094   1685.000     94.29
 1095   1686.250     94.86
 1096   1687.500     95.06
 1097   1688.750     95.05
 1098   1690.000     94.89
 1099   1691.250     95.08
 1100   1692.500     95.32
 1101   1693.750     95.45
 1102   1695.000     95.25
 1103   1696.250     95.05
 1104   1697.500     95.81
 1105   1698.750     96.50
 1106   1700.000     96.31
 1107   1701.250     96.06
 1108   1702.500     96.13
 1109   1703.750     96.72
 1110   1705.000     97.08
 1111   1706.250     97.20
 1112   1707.500     97.11
 1113   1708.750     97.54
 1114   1710.000     98.10
 1115   1711.250     98.28
 1116   1712.500     98.19
 1117   1713.750     98.03
 1118   1715.000     98.48
 1119   1716.250     99.03
 1120   1717.500     99.23
 1121   1718.750     98.93
 1122   1720.000     98.74
 1123   1721.250     99.41
 1124   1722.500    100.21
 1125   1723.750    100.20
 1126   1725.000     99.74
 1127   1726.250     99.74
 1128   1727.500    100.58
 1129   1728.750    100.79
 1130   1730.000    100.55
 1131   1731.250    100.32
 1132   1732.500    100.82
 1133   1733.750    101.40
 1134   1735.000    101.41
 1135   1736.250    101.30
 1136   1737.500    101.08
 1137   1738.750    101.72
 1138   1740.000    102.34
 1139   1741.250    102.68
 1140   1742.500    102.50
 1141   1743.750    102.21
 1142   1745.000    102.69
 1143   1746.250    103.36
 1144   1747.500    103.43
 1145   1748.750    102.97
 1146   1750.000    102.77
 1147   2155.000    157.33
 1148   2157.500    157.93
 1149   2160.000    157.89
 1150   2162.500    157.49
 1151   2165.000    157.46
 1152   2167.500    158.13
 1153   2170.000    158.87
 1154   2172.500    158.95
 1155   2175.000    159.31
 1156   2177.500    159.37
 1157   2180.000    159.78
 1158   2182.500    161.18
 1159   2185.000    162.26
 1160   2187.500    162.55
 1161   2190.000    163.10
 1162   2192.500    163.92
 1163   2195.000    164.50
 1164   2197.500    164.33
 1165   2200.000    164.62
 1166   2202.500    165.26
 1167   2205.000    165.55
 1168   2207.500    164.73
 1169   2210.000    165.49
 1170   2212.500    168.14
 1171   2215.000    169.40
 1172   2217.500    168.84
 1173   2220.000    169.06
 1174   2222.500    170.38
 1175   2225.000    170.74
 1176   2227.500    170.85
 1177   2230.000    171.29
 1178   2232.500    171.25
 1179   2235.000    170.88
 1180   2237.500    170.33
 1181   2240.000    171.96
 1182   2242.500    174.33
 1183   2245.000    175.12
 1184   2247.500    175.47
 1185   2250.000    175.85
 1186   2252.500    176.11
 1187   2255.000    176.22
 1188   2257.500    176.56
 1189   2260.000    177.07
 1190   2262.500    177.14
 1191   2265.000    176.65
 1192   2267.500    175.87
 1193   2270.000    177.69
 1194   2272.500    180.32
 1195   2275.000    181.58
 1196   2277.500    182.12
 1197   2280.000    182.45
 1198   2282.500    182.43
 1199   2285.000    182.60
 1200   2287.500    182.96
 1201   2290.000    182.89
 1202   2292.500    182.85
 1203   2295.000    182.45
 1204   2297.500    181.88
 1205   2300.000    184.54
 1206   2302.500    187.15
 1207   2305.000    187.80
 1208   2307.500    187.59
 1209   2310.000    187.90
 1210   2312.500    188.48
 1211   2315.000    188.79
 1212   2317.500    188.88
 1213   2320.000    188.86
 1214   2322.500    188.94
 1215   2325.000    187.98
 1216   2327.500    187.81
 1217   2330.000    191.26
 1218   2332.500    193.61
 1219   2335.000    194.19
 1220   2337.500    194.70
 1221   2340.000    195.08
 1222   2342.500    195.46
 1223   2345.000    195.87
 1224   2347.500    196.31
 1225   2350.000    196.64
 1226   2352.500    196.94
 1227   2355.000    197.34
 1228   2357.500    197.72
 1229   2360.000    198.05
 1230   2362.500    198.50
 1231   2365.000    199.07
 1232   2367.500    199.69
 1233   2370.000    200.29
 1234   2372.500    200.65
 1235   2375.000    199.82
 1236   2377.500    198.66
 1237   2380.000    199.35
 1238   2382.500    201.27
 1239   2385.000    202.33
 1240   2387.500    203.03
 1241   2390.000    203.54
 1242   2392.500    204.20
 1243   2395.000    205.12
 1244   2397.500    205.57
 1245   2400.000    206.14
 1246   2402.500    206.91
 1247   2405.000    207.59
 1248   2407.500    207.94
 1249   2410.000    208.24
 1250   2412.500    208.55
 1251   2415.000    208.99
 1252   2417.500    209.43
 1253   2420.000    210.31
 1254   2422.500    211.33
 1255   2425.000    211.91
 1256   2427.500    212.49
 1257   2430.000    212.70
 1258   2432.500    212.62
 1259   2435.000    213.65
 1260   2437.500    214.38
 1261   2440.000    214.93
 1262   2442.500    215.26
 1263   2445.000    215.06
 1264   2447.500    215.30
 1265   2450.000    216.00
 1266   2452.500    216.67
 1267   2455.000    216.97
 1268   2457.500    216.74
 1269   2460.000    216.85
 1270   2462.500    216.40
 1271   2465.000    214.53
 1272   2467.500    211.78
 1273   2470.000    214.90
 1274   2472.500    218.24
 1275   2475.000    219.18
 1276   2477.500    219.63
 1277   2480.000    220.17
 1278   2482.500    220.82
 1279   2485.000    220.76
 1280   2487.500    220.57
 1281   2490.000    220.49
 1282   2492.500    221.43
 1283   2495.000    221.96
 1284   2497.500    221.41
 1285   2500.000    220.28
 1286   2502.500    221.02
 1287   2505.000    221.44
 1288   2507.500    220.38
 1289   2510.000    220.77
 1290   2512.500    221.91
 1291   2515.000    223.01
 1292   2517.500    223.34
 1293   2520.000    223.92
 1294   2522.500    225.44
 1295   2525.000    226.10
 1296   2527.500    226.33
 1297   2530.000    226.11
 1298   2532.500    226.38
 1299   2535.000    226.87
 1300   2537.500    227.25
 1301   2540.000    227.20
 1302   2542.500    227.10
 1303   2545.000    227.61
 1304   2547.500    228.13
 1305   2550.000    228.54
